-8.477599288445292203e-02
3.647492105245382366e-01
1.203497476473498473e-01
7.450216322902907251e-01
2.353212206895769487e-01
-5.713257840574448299e-01
-8.502327474383508665e-01
5.526773283210764109e-01
-1.041939585518414368e-02
3.507012928757629044e-01
8.560305381516544188e-01
4.298544401542212512e-01
-7.633184899381937338e-01
6.286701808392958224e-01
7.210268037763252202e-01
-1.333382223699886016e-01
1.512865712127586804e-01
8.626556107420364494e-01
-6.631757627146730449e-01
1.582932912315879737e-01
-3.907677396328927966e-01
3.119637243797379611e-03
-4.247461967093282276e-01
-8.071436400976936820e-01
8.536304418539275574e-02
6.972041260908672378e-01
3.292581043663695972e-01
1.264012073568161476e-01
-1.265961754744968637e-01
3.115727334918161340e-02
-2.142419362249958770e-01
-5.852282871222824756e-01
7.841929141037007334e-01
8.827302796388365458e-01
8.859648519156937407e-01
7.377865466948947404e-01
-1.284843554973655877e-01
2.025847274064838111e-01
-8.058980668867026242e-01
-6.301360453251514393e-01
-7.528023979755336104e-01
9.414397185284397729e-01
5.147334944008734592e-01
-9.307419707465869330e-02
-7.099301820509276162e-01
5.524396556314834505e-01
1.028516603288502917e-01
1.523128518214655891e-02
5.752763465418364586e-01
4.058810454171359883e-01
-3.937310289901234661e-01
4.075811202960033519e-02
1.774344236588694113e-01
-2.331548051378331543e-01
-7.186082499016366310e-01
-6.096765786724065439e-01
1.554486640412178211e-02
5.513777027081414595e-01
6.366876873226077205e-01
-9.514406204587744220e-01
-6.675012643990774208e-02
9.213664084979569235e-01
4.247843048439858826e-01
-9.459943205502370223e-01
5.882247931438076005e-01
-4.154238323002912292e-01
-2.082910561248165759e-01
-1.771460467496897007e-01
5.670055743025697037e-01
-9.910576683600584857e-01
-3.499881338355264049e-01
-9.859644332276078504e-01
-8.155901802080078866e-01
2.578460615128272959e-01
5.148859804429115616e-01
-3.431228389030098747e-01
-1.335060523785982500e-01
4.826328524053222768e-01
6.211071301171422476e-01
-5.809673558021002382e-01
8.569527147591937677e-02
-8.854616863764450674e-01
3.608702003073100961e-01
-9.300706101247770974e-01
6.228799804487916703e-01
-7.154809328121709555e-01
-8.412993086595355052e-02
-4.249765227254678202e-01
-4.645826264536228045e-01
-8.301266599017045333e-01
-6.201585268131060147e-02
1.341997286603144879e-01
-3.852256520652337368e-01
-6.536959632338423809e-01
-9.192620718206760966e-01
-4.109025394021814659e-01
8.810001730517276197e-01
-9.503234967912943532e-02
3.619851612785083272e-01
-8.301354372401212878e-01
-9.717159717115790851e-01
-5.104221318108694838e-01
9.182312634187819178e-01
6.642568813917935078e-01
-4.342813010245749616e-01
-6.326858741561502963e-01
9.728770580620276220e-01
1.023650759613705663e-01
2.664312815940688139e-01
5.100140239531438802e-01
-3.945880846510563256e-01
-5.393533790558606711e-01
-5.133179203638789101e-01
-1.025852544255689835e-02
8.346753984085533151e-01
-6.930059613106533956e-01
-7.985912574269533604e-01
-4.795260517751818163e-01
-1.817199407961318514e-01
2.982533754665859238e-01
3.463742716662407961e-01
9.886466042416786060e-02
5.283071176687157422e-01
-4.700641750752594383e-01
2.471915745211481497e-01
9.986189509286018673e-01
9.277836135775119342e-01
1.089717020772484890e-01
9.714227478615682365e-01
9.194732695164851144e-01
-4.223423177686271845e-01
-3.633830564011557573e-01
9.986883979035061643e-01
2.066693041084513016e-01
-1.954433802072559345e-01
2.594289536949359043e-01
-5.890454524846149287e-01
-5.420919363723917250e-01
-2.208332037470350784e-02
-7.319548115785812215e-01
5.439943562278093392e-01
8.883261868805867323e-01
-9.540195981017851601e-01
-8.239705904394822866e-01
-6.336816922627384052e-01
4.240969630908359989e-01
2.243645751336618144e-01
-4.992858775522339698e-01
6.879079261032501336e-01
8.302657602120933067e-01
-2.576630801848744934e-01
-7.917769582260967276e-01
4.698817109438369055e-01
-9.946986739026175695e-01
6.643712004305357688e-01
-2.992622455285725014e-01
-6.468394808287272202e-01
-4.765260964901734120e-01
-1.769257442514393652e-02
-2.232436818573524384e-02
-7.704889959803558064e-01
-2.975342243323222391e-01
-9.606337576105250520e-01
6.161098514227676404e-01
1.722679396879989167e-01
5.916901909671399284e-01
4.510694072134620036e-01
9.411958979270420578e-01
3.529909410255673841e-01
7.577935412452512232e-01
-8.035958369564737414e-01
-7.033142508598464460e-01
-2.577172722698639618e-01
-6.541191235356385025e-01
-4.750233983143792305e-01
-1.113634992706056259e-01
-1.978768208041539189e-01
-8.107983930550721752e-02
-2.799728736177784505e-01
5.003315047321343911e-02
3.485331331438057401e-01
5.513252075122638818e-01
2.111704194175936244e-01
1.039199169498505881e-02
-3.869038355664518036e-01
9.751729375971709413e-01
9.847695321417078151e-01
8.725307582417662911e-01
9.942308301536673110e-01
2.639685070973010195e-01
9.412170947577624958e-03
5.894287275455944997e-01
-3.514362364023075891e-01
-4.497884461106815834e-02
-7.354765097693232168e-01
-5.680356218952196112e-01
9.101637525616039781e-01
-1.711649720927996832e-01
-3.844014454152906435e-01
-3.137710943736160552e-01
-4.111246934435439648e-01
-9.082407779418464333e-01
6.559573624440342421e-01
-5.062955644178193104e-01
3.847537606117164000e-01
5.086305757148008588e-01
-4.898130394349051731e-01
-4.432890246126170997e-01
-4.968775611993867525e-01
1.935834132344986802e-01
-2.038118818298091384e-01
-9.122275511442430318e-01
1.156907846153054642e-01
-3.167290195434946387e-01
2.478832674676159087e-01
4.366564722643182517e-01
1.894333938612069446e-01
7.111487097448840888e-01
6.872796553014335341e-01
-1.195549377734184127e-01
9.778866801256551611e-01
9.348661834194607057e-01
-9.480187017188508314e-01
-5.800366816265785097e-01
4.358731890811340381e-01
-8.599672611342039641e-01
-3.190914919501963709e-04
-4.305796731370454822e-01
3.582566358760039815e-01
-5.554979544036877659e-01
-8.095894712231108681e-01
-9.999307033723807692e-01
8.720723113219368550e-01
9.789238526260524154e-01
-8.337468086736010697e-01
3.527524875415462002e-01
1.541662911545351733e-01
-5.218141988311726376e-01
-6.139331875701947716e-02
4.946903419070800556e-01
-9.530970250639023700e-01
-1.957042373731310292e-02
-4.080153635944296919e-01
6.705859408919176978e-01
6.595092183339419378e-01
-6.380922714684993391e-01
9.595349246391526865e-01
-6.702994368709125350e-01
3.818639392866485238e-01
4.720132905762497444e-02
-2.342730326381279315e-01
-1.245192156550154472e-01
8.346884713775266640e-01
-3.358639169372796829e-01
6.817684782441726377e-01
2.158079896277473875e-01
-5.232325964754493963e-01
1.670771975952418664e-01
9.903324303795879580e-02
4.352116694211309866e-01
4.498428999836983078e-01
9.236711756694035991e-01
-7.597085006287616071e-01
8.140158990527461835e-01
-6.409942268781811947e-01
