4.822997198585530043e+01
4.852528089462666117e+01
3.128890476601175141e+00
2.847899201606617225e+01
-1.527142584705618589e+01
-5.344761035742178024e+01
4.273451660324540491e+00
-8.621387683409960090e+00
6.217091621026961334e+00
3.005516345090318353e+01
1.354309188112588735e+01
-7.796123342550280721e-01
-1.845869925452721461e+01
1.277492974529162240e+01
-3.174612779657039852e+01
-4.089544426236694008e+00
-4.569886111967335296e+01
3.561703410674261505e+01
1.602203699636859824e+01
-2.805183523868706885e+01
1.993130360426991032e+01
-3.553299614294794395e+01
-4.094922745245843032e+01
-3.793446771948421947e+00
3.797817466350510784e+01
-1.268377951105497736e+01
-2.567061097131710312e+01
-1.942810616871853568e+01
9.104483811118804226e+00
-1.478813529197761056e+01
-3.138050210681165808e+01
-1.361601015244553992e+01
2.987847274405210474e+00
3.468631422013006471e+01
2.542740131547865801e+01
-2.269003939385221269e+00
2.128328129372231814e+01
-1.663755387733985680e+00
-5.070741461161621544e+01
6.460409736852245288e+00
4.198536262771283667e+00
2.849553634658616730e+01
5.233441130101685462e-02
1.687809101517233046e+01
-4.714321753614036936e+00
2.832188510811528115e+00
2.264378929030566923e+01
2.710310713270839500e+01
-3.993895786595898301e+01
1.308240530599117513e+01
2.417297170371941917e+01
1.250657184596217419e+01
2.465106259324461924e+00
-4.139348878711594182e+01
-1.921679526142827754e+01
2.809397191171752795e+01
-3.034716036453418297e+01
3.667487418020204615e+01
-4.496772991226344551e+00
-2.424129605654604003e+00
-1.388625361123696278e+00
8.486792786855168913e+00
3.933590804691853293e+01
-2.267467526763781294e+01
3.534585570750489403e+00
-1.376710651260776519e+00
-5.344902977382913889e+01
3.112434845298376551e+00
-1.634458775811731712e+01
1.582685908440857148e+01
3.969454326956090462e+00
3.057226634829753209e+01
1.600030588982766133e+01
1.079089519529119556e+01
-1.680459358998990682e+00
7.452036783374397899e+00
-7.146406017630752672e+00
1.578403030917240102e+01
-3.013519281175362607e+01
4.189284427321604554e+00
-3.043467694022258474e+00
-2.660859861960139483e+01
-4.675941203813503755e+00
-1.734265754793003111e+01
-2.181517078108432628e+01
2.284922172645588745e+01
3.036675388734668246e+01
-1.233133605307163272e+01
1.324470442800562031e+00
-1.046819472877807300e+01
1.790567387711252678e+01
3.562580974193646277e+00
-2.306695986095293094e+01
1.518493845510379714e+01
-3.460617012015477911e+01
-5.474563196540290022e+01
-1.205240926751924135e+01
1.954096040288005298e+01
1.834163987688411623e+01
-1.318254882785700843e+01
-3.201287566179932753e+01
8.009699767474088850e-01
3.625838636609906018e+01
5.017416833017638744e+00
2.194049592479345634e+01
7.776613026371234305e+00
-1.193538722221744131e+01
1.558491393534037783e+01
-1.055972631119603022e+01
-2.167876030007499821e+01
5.467217289056754970e-01
-6.117873600617245167e+00
-2.103410425328718958e+01
-1.709650928380113299e+01
-2.981170206078164853e+01
-2.261463034400654593e+01
6.654163855526080695e+00
-3.948229864432742175e+01
-4.941103900480422695e+00
-2.731372141171024026e+01
-5.542626117008845199e+01
7.781534363912254726e+00
-1.545180485186912200e+01
1.077980991308915293e+01
2.276282136040416404e+01
7.795951754800372058e+00
6.896630415349131127e+00
3.763899264576303239e+01
8.314150108111894255e+00
4.446894844039729344e-01
-3.594297573388229949e+01
2.484292797532123398e+00
4.581728280255855879e+01
-3.699593955710258797e+01
7.429671183597996276e+00
-7.503892972202896772e+01
2.137567098239727414e+01
-2.785558180592137134e+01
1.321204061865102375e+01
-8.663250923443870377e+00
3.184769272496435377e+01
-2.596331358107768494e+01
9.949231435630987441e-01
5.253623313438163933e+01
1.017545200938159944e+01
3.493216471110275556e+00
2.435863469302515583e+01
-1.480428893727571271e+01
-6.781243291006013862e+00
6.048002228320527252e+00
2.286049133218491236e-01
9.887660314283616358e+00
5.093516986284269521e+00
2.394181777296585167e+01
-1.925433830587102380e+00
1.637190403632743596e+01
3.899496234233195224e+01
2.406120945700314095e+01
1.831581212966667316e+00
2.644339333851716844e+01
-3.320209115402453115e+00
6.010138391904095378e+00
-9.186450974201372688e+00
3.657953851946002288e+01
3.247442604432798419e+01
-7.570823423181126444e+00
4.473143682520966991e+01
5.470796865679828258e+00
1.872466770120179902e+01
5.905454519749125275e+00
8.907437479696998395e+00
-1.034415120791803133e+01
5.440766510313443938e+00
-9.320895934590618381e-01
3.676873632013437643e+00
1.500300197432497207e+01
-1.908066257968416224e+01
-9.982864198269089329e+00
7.348039162765050980e-01
-1.944042996535217682e+01
-1.300251676007285973e+00
3.707410105348724616e-01
-9.618377375070076951e+00
2.231181410526657771e+01
-1.168087989121915626e+01
3.865493875149368819e+01
-2.649691788709924278e+00
3.147308904489326764e+01
-4.133330694203262712e-01
2.009156691510304071e+01
-4.343392111414256362e+01
-4.046952990926610028e+01
1.635112267300004518e+01
1.486458631599963098e+01
-3.188926763881870574e+00
-4.001097420120105852e+01
-2.941172849010306400e+00
-3.058204216054376801e+01
1.554423498525837033e+01
-3.201261776875617926e+01
1.394369339722658552e+01
-7.432817074682801284e+00
1.182219725807831701e+01
2.250960242205622208e+01
1.027046787629248747e+01
5.206371219795556948e-01
1.202296742867570600e+01
-1.313150434692937019e+01
-2.045022471408370279e+01
2.276040773323839517e+01
-1.186415066268810409e-01
-1.448956154453582634e+01
3.588804263009144790e+01
-6.069362942073412093e+00
4.744652421275401544e+00
-9.428479883173366716e+00
-1.209652914178154859e+01
-6.742404246398674417e+00
-2.582378799114467327e+00
-1.001551592217511200e+01
-2.302858460727999201e+01
-1.163993837121731367e+01
2.265090606552766950e+00
2.777993648122284398e+01
3.743037491676925299e+01
1.237053778290078476e+01
2.883715127963796920e+00
-1.434861365361695817e+01
1.956062164075409981e+01
2.447638852920987773e+01
-4.017566637024771836e+01
-3.280728815033647994e+00
1.786686813806930019e+01
3.389539876984864719e+01
8.133246365201378225e+00
-3.331441415186249344e+01
3.965970714195085378e+01
1.700237185057928002e+01
1.898351164910903321e+01
-1.362668256558564828e+01
2.056267008949642872e+01
2.360416229838605062e+01
1.153648593881270301e+01
-5.931256953669259563e-02
1.711160065517664108e+01
1.555012417000710023e+01
1.183337903489000809e+01
-6.619437291122979516e+00
8.356310105443705893e+00
5.862858081076435468e+01
-4.474301872080062736e+01
-4.923239877236171402e+00
-1.294959852770860209e+01
-1.692275340072281509e+01
3.703989390681224592e+01
1.479088099411818291e+01
-3.502483170557157521e+00
1.296708936065255635e+01
-1.888747762538132369e+00
-2.414813432882414546e+01
5.020706516867164737e+00
-2.262641188465158848e+01
5.833378000995815427e+01
-2.718507526607143276e+01
-4.128578508810936576e+00
