4.847188548900962246e+01
4.882950821265298202e+01
2.489909140401973087e+00
2.963123064062600420e+01
-1.536426928934862524e+01
-5.472011402585201267e+01
5.295361632067689506e+00
-7.983362931942450835e+00
6.877209769161916952e+00
3.245538696485208163e+01
1.161143923232311614e+01
-2.904716300621479785e+00
-2.003777419347084177e+01
1.255135588995468865e+01
-3.272721479254450827e+01
-3.877419951732569370e+00
-4.480680134738267384e+01
3.506891456382730610e+01
1.683773312513802267e+01
-2.658246587612821088e+01
2.157826335602685930e+01
-3.667266842408078276e+01
-4.093160870599977130e+01
-2.823898716766588102e+00
3.785661986773413190e+01
-1.145858115677924793e+01
-2.671229700681805852e+01
-1.942917003280652821e+01
9.225750447434613477e+00
-1.601114730106835893e+01
-3.251513666569589844e+01
-1.546205996451452513e+01
2.386655589623968066e+00
3.336662810108486354e+01
2.697284693000397837e+01
-2.898452867473243710e+00
2.003905951557867127e+01
-8.705740118754777823e-01
-5.044148966657857613e+01
5.964463036826475495e+00
4.390633280216539092e+00
3.027404639656305463e+01
5.353539557606135091e-01
1.799563207146499977e+01
-4.517075489862349080e+00
1.484218968211402201e+00
2.457661465458886241e+01
2.641837587992980474e+01
-4.154530972602837835e+01
1.325429388159634492e+01
2.359962026334513041e+01
1.355520695796221631e+01
3.637063118939021678e+00
-4.196021042008976565e+01
-1.978178284669548859e+01
2.954809961919035288e+01
-3.262542188341998184e+01
3.616377115126407205e+01
-3.838014719195240065e+00
-3.168131633177651896e+00
-1.406297471183919123e+00
8.373451933178428064e+00
3.914707212155820315e+01
-2.504865862415702438e+01
2.732750762250014454e+00
-1.798500321603428542e+00
-5.501081752714688378e+01
2.565549871381963332e+00
-1.527940674726659509e+01
1.743646467601042360e+01
3.744234609675941794e+00
3.023647585076066591e+01
1.622670297127662309e+01
1.023543209089766926e+01
-2.695280987952496154e+00
7.118433788301042675e+00
-7.643362713193171842e+00
1.548164364707589868e+01
-3.017650394141863401e+01
3.670746251215280420e+00
-3.422916601142604431e+00
-2.787864717364972478e+01
-3.486061999418970547e+00
-1.675193307248756369e+01
-2.139501094083830779e+01
2.257822584241424124e+01
3.006496992642063404e+01
-1.169144326772170928e+01
2.565664060262423884e+00
-1.104299967947316219e+01
1.868697784926219541e+01
3.215575401202858785e+00
-2.659304176867715341e+01
1.425429302523079045e+01
-3.504136906723709899e+01
-5.554593905591404024e+01
-1.177906666995566631e+01
1.918409872115271853e+01
1.704586805644843750e+01
-1.282082945061264567e+01
-3.298083670860897598e+01
1.155167285248765302e-01
3.747135749200581500e+01
5.764152308098055677e+00
2.096724941792463781e+01
8.052063960441556034e+00
-1.254611058993056716e+01
1.657091641657811110e+01
-1.005603595617194479e+01
-2.474848326578140245e+01
-3.665577826889971913e-01
-5.535618491764062732e+00
-2.249521354231950099e+01
-1.843102077761487578e+01
-2.955547461722895974e+01
-2.158988556456088403e+01
7.572897901460060588e+00
-3.849921925603214135e+01
-2.842429878484842742e+00
-2.694264125884554417e+01
-5.669310276301864349e+01
7.845807708324431751e+00
-1.450034071856233808e+01
1.060690029627466657e+01
2.179783206622574454e+01
9.338458584081044123e+00
5.156604405907460276e+00
3.750967513687828614e+01
7.746643474020857845e+00
7.826022200540990736e-01
-3.516077882443375557e+01
3.489477893082278737e+00
4.628346657558949317e+01
-3.820605625751849743e+01
6.217677185654260086e+00
-7.801050258218769784e+01
2.178367000666579045e+01
-2.791100206430405706e+01
1.481566632219828783e+01
-7.681932200117191023e+00
3.248539961589778358e+01
-2.743865464761042716e+01
2.799277088081745912e+00
5.166603078457414000e+01
1.032379866606926910e+01
4.394427666311460534e+00
2.442281662528480268e+01
-1.543349306328806492e+01
-6.944249217891265147e+00
5.680179246187664788e+00
6.900324151217174240e-01
1.013983462269496805e+01
4.696202275527534553e+00
2.370757117224842503e+01
-3.398353949416172526e+00
1.679631043775893673e+01
4.010647910677257499e+01
2.515834978180943793e+01
3.165783633251789464e+00
2.771655609565770817e+01
-3.381724532781579917e+00
6.089793896860169475e+00
-8.098938513204510414e+00
3.652724769846884101e+01
3.268325986630033952e+01
-6.753599488799824080e+00
4.625779066599162803e+01
6.535396814216656303e+00
1.791671604921871364e+01
5.666715731735406436e+00
8.476280265171638462e+00
-9.682725809131996542e+00
5.538013774171449910e+00
6.796181201914408554e-01
4.072396183632760014e+00
1.533654800513026473e+01
-1.883712797510651527e+01
-1.107850649427882495e+01
-1.152715370474915180e-01
-1.985577667283514458e+01
1.304120767240906642e-01
2.080169326240285610e+00
-1.045714483954776064e+01
2.310535202793710496e+01
-1.430839808839131955e+01
3.945532485046287263e+01
-3.824048734779157854e+00
3.127762396930164357e+01
-1.033241909585931317e+00
2.144967838838711671e+01
-4.221381022307563313e+01
-4.218202269853750153e+01
1.423745961677477112e+01
1.632319596112472837e+01
-4.317520229513633012e+00
-3.961076568704120149e+01
-1.555654761056875168e+00
-3.062657549272246271e+01
1.712332517982430957e+01
-3.441571852371700402e+01
1.537107212707405957e+01
-8.722787494137966391e+00
1.132281066436613770e+01
2.292965976495813152e+01
1.028786763410575666e+01
-9.956051963644636515e-01
1.347366372929551659e+01
-1.385664238629101419e+01
-1.893337124139569738e+01
2.215990377481343288e+01
-1.932548424293021982e+00
-1.472937781911502242e+01
3.608602057345012781e+01
-5.093517241765685100e+00
3.680506115940568979e+00
-9.879376445807404039e+00
-1.208000512111090252e+01
-5.593442912897567787e+00
-5.385725750316900040e+00
-1.033527642495040588e+01
-2.235162355381179822e+01
-1.059461037575239395e+01
3.078903091672240855e+00
2.846107771560315669e+01
3.922558440626728071e+01
1.362606244508117648e+01
1.299211020323954191e+00
-1.458439584577524606e+01
1.967554265162288729e+01
2.574755533274545272e+01
-4.055822295833409896e+01
-4.519395542052081716e+00
1.883380217561420622e+01
3.282423424512089127e+01
9.445606528908831123e+00
-3.444440712911546854e+01
4.051762886847687639e+01
1.744134472487440846e+01
1.855876013353314491e+01
-1.326109205897280319e+01
2.154081435238103737e+01
2.228957581013791511e+01
1.115301798977399983e+01
-1.380802859354603118e+00
1.682277884916341648e+01
1.513359724179477617e+01
1.131085723090947504e+01
-8.128484562570436722e+00
9.626526497457726705e+00
5.876051846193069395e+01
-4.648533084874534893e+01
-4.613495443300272392e+00
-1.488082059279999214e+01
-1.756765154832078579e+01
3.738034068592000381e+01
1.573151707985627112e+01
-3.568547732623847946e+00
1.428663307213675004e+01
-2.419554535808655871e+00
-2.390693740568097425e+01
4.717661568964289565e+00
-2.317092770742452856e+01
5.769698639160210263e+01
-2.643011362914718632e+01
-6.833192500983233053e+00
