

gen best mean std best_sol
0 18.14458 -2.050414 8.390712
1 23.955093 4.955298 11.092563
2 23.955093 9.139945 7.655261
3 33.131455 14.96315 7.771111
4 38.961163 21.16989 9.873554
5 42.919729 30.667978 7.327574
6 44.834884 35.518655 5.132057
7 44.854387 36.52973 4.258215
8 47.032126 37.160237 4.447784
9 42.919729 33.647477 7.841106
10 38.961163 31.067681 12.880864
11 36.162357 30.710315 12.386349
12 36.156491 30.091569 9.207922
13 36.121247 28.812744 13.550174
14 36.107386 29.301173 9.948154
15 36.105336 30.042367 6.816937
16 44.623058 34.103688 4.092744
17 44.604139 35.413887 4.467548
18 44.641077 37.765662 3.965281
19 52.219836 41.197752 5.663306
20 66.321052 47.495557 9.951821
21 66.252025 51.484227 7.999201
22 66.29483 51.488507 8.00711
23 66.272552 54.241259 6.329347
24 64.249731 46.893245 18.686579
25 57.069439 44.378266 17.518955
26 61.233417 53.590606 4.307554
27 61.200338 53.587298 4.301693
28 61.236465 53.59091 4.308095
29 61.215729 54.688155 3.520915
30 58.589734 53.25361 3.800105
31 67.440414 55.517556 4.721986
32 58.589734 49.934181 13.027825
33 57.069439 50.631434 6.658304
34 56.978798 50.237149 5.324509
35 55.425073 44.932889 16.342481
36 52.339217 47.831578 4.874847
37 52.318503 42.668948 18.148158
38 52.308955 43.602781 11.25684
39 52.219836 41.195269 16.426853
40 50.485589 37.221912 18.458329
41 49.238106 38.416709 10.873746
42 49.069309 37.527122 12.797508
43 48.929854 43.943983 1.793543
44 45.351423 38.331206 15.247094
45 43.373843 38.578467 13.907275
46 43.373843 43.252458 0.097921
47 67.207459 48.059864 9.550954
48 67.114852 48.049332 9.529868
49 67.102139 47.507265 10.673091
50 67.070869 46.279539 7.138685
51 67.369327 51.147517 10.626298
52 67.348001 51.172315 10.603321
53 67.124733 52.36352 9.958997
54 67.070869 54.639522 9.917107
55 66.174987 55.604654 8.235519
56 67.350118 58.049068 7.714826
57 67.370704 58.371824 7.184907
58 66.174987 58.882145 5.343504
59 67.49336 62.55134 3.157774
60 67.474369 62.549441 3.154806
61 67.220922 61.110219 6.512225
62 67.360901 64.163648 2.879179
63 67.469795 65.361739 2.667608
64 67.378895 63.424055 9.294943
65 67.360901 66.543246 1.767429
66 67.360901 67.252766 0.106266
67 67.358639 64.862184 7.326025
68 67.358639 67.300656 0.043985
69 67.352205 67.306753 0.032003
70 67.342738 61.764482 16.611685
71 67.480709 67.321697 0.058824
72 67.480709 67.349101 0.061545
73 67.529971 67.3742 0.077054
74 67.480709 67.346881 0.064369
75 67.460778 67.355574 0.052823
76 67.445575 67.352362 0.037725
77 67.383931 67.337266 0.026173
78 67.363636 67.332874 0.021183
79 67.407611 67.3435 0.025243
80 70.259662 67.637889 0.87424
81 70.211066 67.633029 0.859667
82 70.226908 67.647263 0.860448
83 70.259662 67.656516 0.868224
84 70.265985 67.669371 0.866017
85 67.482186 67.361801 0.110628
86 67.431334 67.374078 0.037581
87 67.431334 67.379404 0.028721
88 67.431334 67.386577 0.028696
89 67.418753 64.935486 7.338397
90 67.417092 67.373366 0.034241
91 67.4115 64.902851 7.397036
92 67.407611 67.359032 0.032551
93 67.391818 67.338787 0.052739
94 67.386544 64.897499 7.366701
95 67.462956 64.953128 7.225357
96 67.38458 67.350145 0.025665
97 67.377276 64.903946 7.357829
98 67.403403 67.363975 0.016212
99 67.455832 67.379185 0.029745
100 67.455832 67.385355 0.027082
101 67.403403 64.91406 7.395216
102 67.415124 67.387089 0.016059
103 67.406226 67.380749 0.016252
104 67.446983 67.38096 0.042194
105 67.467715 67.407552 0.027906
106 67.505807 67.440524 0.032411
107 67.505807 67.438041 0.035921
108 67.493146 67.425281 0.060499
109 67.493146 67.45198 0.026454
110 67.481976 67.444022 0.02479
111 67.474235 67.434174 0.029943
112 67.467715 67.429093 0.02655
113 67.455019 65.576729 5.57401
114 67.466919 67.41749 0.070961
115 67.455019 67.424022 0.030031
116 67.455019 67.432171 0.019351
117 67.455019 67.416238 0.071679
118 67.49521 67.445432 0.019333
119 67.49521 67.428322 0.084029
120 67.482942 67.44172 0.023177
121 67.482942 67.437728 0.049349
122 67.476155 67.454304 0.013739
123 67.475393 67.436386 0.047909
124 67.475393 67.449518 0.023369
125 67.475393 67.4184 0.101023
126 67.475393 67.443503 0.027731
127 67.481828 67.451606 0.01335
128 67.468515 67.449277 0.008331
129 67.468515 67.441693 0.026948
130 67.46659 67.449823 0.007346
131 67.46659 67.439146 0.035678
132 67.46659 67.409497 0.124171
133 67.46659 67.446562 0.014442
134 67.46659 67.41662 0.102839
135 67.47655 67.444691 0.034972
136 67.46659 67.442051 0.03343
137 67.46659 67.420108 0.098972
138 67.46659 67.436035 0.060966
139 67.462394 67.422475 0.067269
140 67.462394 67.420161 0.099402
141 67.461151 67.43929 0.026809
142 67.468038 67.443398 0.032186
143 67.488931 67.459567 0.011198
144 67.488931 67.45809 0.013296
145 67.488931 67.4377 0.069992
146 67.468038 67.447686 0.024992
147 67.461151 67.454102 0.004825
148 67.461151 67.45326 0.008379
149 67.494569 67.458676 0.01309