-3.699721634948426874e-01
1.782523229717238311e-01
1.995884535688068617e-01
1.873032821092163847e+00
9.670684420917845525e-01
9.556531736131670396e-01
3.462327462222064556e-01
-7.487110607594207323e-01
-6.023457008804082580e-02
-2.288026234685696547e+00
-1.669555457958267208e+00
-5.270710360346386736e-01
1.205511493442948501e+00
1.045220653288229246e-01
2.938148704115940424e-01
2.500934194966106250e-02
6.719867213600151379e-01
1.306278263065671297e+00
-1.639912302714613412e+00
9.503705564297288966e-01
1.174120206121012089e+00
5.315859185232971740e-01
1.014140444238610161e+00
-1.419966500525207342e+00
-1.787900235242157132e+00
1.632726401784744263e+00
-1.225842992719600621e+00
-2.234134683755347961e+00
-6.680628362702054623e-01
-1.735206144223679914e-01
3.492851772612518557e-01
3.316898233865555046e-01
-1.537867327207639856e-01
9.765047060833671466e-01
-1.512074484961630105e+00
6.930180637405787547e-02
1.497586681360642269e-01
-7.608342208048094468e-01
1.183439589759714083e+00
1.113929280043514242e-01
8.172496992235888102e-01
-1.238157661408232357e+00
-1.159068227672085671e-01
-4.705875860351734774e-01
6.962923384702444096e-01
-6.249441265338646634e-01
7.174787375345174079e-01
1.113971599055221029e+00
-6.481546326237630495e-01
3.919172845085469592e-01
-2.307303001691836386e-01
-3.100534888249206755e-02
1.075903016160268066e+00
-6.569318700705714109e-01
8.379196821971626186e-01
1.732391111241631254e-01
-2.210509356907232714e+00
-1.328616870917675996e-02
-3.410501711152036375e-01
-1.183216225380690600e+00
1.738526395830111815e+00
-6.390694558313512186e-01
9.380409783574363836e-01
-1.189096674459340086e+00
6.357865035812984011e-01
9.337730039903462398e-01
5.018411924314443162e-01
-2.005479777381436346e+00
-2.287993092981758514e-01
9.214404872686638992e-01
4.909171388071425501e-01
2.922065048674352128e-01
1.374163527239733007e+00
5.210656706079562772e-01
8.561842682321352260e-01
-6.541049546037421836e-01
5.097938991614010540e-01
-1.335904513339093436e+00
6.524531065140617425e-01
5.213089091809840203e-02
-1.309548413790764476e+00
1.768471473632069912e+00
4.925767096077814100e-02
1.127733674728117030e+00
4.627927495708313299e-01
-4.140886603066565863e-01
-1.414848747298522058e+00
-8.801350969306427352e-01
-5.138553053097755230e-01
-1.053438208387122987e+00
-2.423545829481772440e-01
-6.522066080470538818e-01
-1.818911382826701395e+00
-3.408173634191675322e-02
-1.284050312452861053e+00
9.221882194317254644e-01
-1.263642819603511214e+00
-1.346340708952675547e+00
-2.177821295041804661e-01
6.480193027878575762e-01
1.665442049639979938e-01
6.634283515881886917e-01
3.428644827689496521e-01
-5.660427643654084573e-01
4.847499154945372757e-01
1.219107803679512880e+00
-8.165641320707366368e-01
4.256933630460073559e-01
1.680749344122170363e+00
-3.042031176817150961e-01
1.159678612045841772e+00
-1.660206653687708034e-01
-1.250625548439623813e+00
9.090687272284457832e-01
-1.387948706267938537e+00
4.473978291333641777e-01
4.923916056103646022e-01
-1.454490796698658883e+00
-1.799830462312112633e+00
3.637759133831812708e-01
-1.002942066522347353e-01
9.874684107117494003e-01
6.396103350548347777e-01
-1.762474762724167032e+00
-5.814709835537587579e-02
1.062456808526793584e+00
-3.770260849304630235e-01
-2.685315912180724629e-02
2.039470608626006598e+00
5.356538666364271117e-01
8.340502179152605722e-01
6.171121670742147902e-01
-1.455561035169546269e+00
-1.259030008828305069e+00
-1.728112398616201417e-01
-1.150385801364930960e-01
-5.691528204037216154e-02
-8.275946690404224482e-01
-7.406124421151636383e-01
-1.010642292035728751e+00
1.392782935325120042e-01
1.557031810840852903e-01
-9.593883690390275776e-01
8.226383880460701459e-01
2.172896182312565039e-01
-6.834341625998799907e-01
-5.156501453748482122e-01
-2.278633918917696566e-01
-1.186722164960779091e+00
4.638513243816008158e-01
4.681250637422927630e-02
-2.987844901999788805e-01
-7.957712665336611479e-01
6.867258905961940441e-01
-2.086394323066056156e-01
1.836202863557136133e+00
1.099561364889784842e+00
-8.314061174728686054e-02
-5.677068202328908741e-01
-2.918219474342823028e-01
-7.207217764623641276e-01
1.586068087499130641e+00
-1.301594341333287330e+00
4.716712482679666918e-01
6.262636386270150624e-01
3.770628487629185677e-01
6.825681534308600806e-01
2.357569196200569595e-01
-6.676022159004548762e-01
-1.881062588254626966e-01
-1.545587805162266015e+00
-7.601561177793471069e-01
-3.102702018987039123e-01
-7.081886314717134034e-01
-1.977074055909907035e-01
-1.423453673578026546e+00
-4.724631866783420842e-01
4.548875834284720754e-01
-2.344075003158354598e+00
8.220990673745194321e-01
6.427023222850014594e-02
1.461977699727868618e+00
-8.433415503309663053e-02
-3.169776537821166196e-01
-2.129563420107207783e-01
-9.005097166443506995e-02
1.981564334016840068e+00
-4.753346042280753303e-01
5.387255902425324150e-01
1.118284188670793655e-01
3.133515645901219226e-01
-5.226691957370086516e-01
1.406795029717113454e+00
-8.152138001546352930e-01
-2.410572277103776084e+00
1.385999135827961526e+00
3.396700208549372491e-01
9.371963697343702604e-01
-7.005682787785174614e-01
-1.732963587327355226e-01
-9.824471061980294406e-01
-1.217292676519355021e+00
3.914047103910203718e-01
1.144224078966783686e+00
-8.403133304448529017e-01
2.879001876019180589e-02
2.210822262140463845e+00
-2.857582113173128269e-01
-9.873791289144031591e-01
-6.291811739190718011e-01
1.391435350841411234e-01
1.906408588978308061e-01
-3.626535662532780480e-01
-7.896047078688963605e-01
4.797102927276367113e-01
-1.180591904496842259e+00
5.836323374061986868e-01
6.491127316933306135e-01
3.504373382332678921e-01
1.571781760396222971e+00
-1.781590772637454023e+00
1.121712027824303792e+00
5.047431000357132103e-01
2.319582845324926090e+00
8.309091531539484210e-01
-6.738656884386892698e-03
4.769565261984545224e-01
5.994667276202845230e-01
3.789983599007988868e-01
-5.904450529032548856e-01
4.278165547876252583e-01
-7.210985272213452646e-01
9.282809945042782562e-01
2.272386075361594759e+00
2.715357744718625455e+00
2.133207589447778219e+00
-9.006990320539596251e-01
-1.133061996827785300e+00
-2.189990122741623524e-01
-2.836908542767037078e-01
7.585177138931742391e-01
7.589711102781734331e-01
2.702900395469416961e-01
8.100168357905594974e-01
-1.753615962795090244e+00
-8.340292027980987788e-01
-1.760007152175346867e+00
6.443792361398011925e-01
1.169814350133706743e-01
1.118354717154856237e+00
7.188073604247833259e-01
-8.159562474795126752e-01
7.419983264787362032e-01
-4.820778310091442531e-01
-1.056443608683520913e-01
4.686356017225443704e-01
-1.380814619566150148e+00
-6.287886412187591034e-01
9.199765250791241966e-01
5.635176578974888661e-01
-6.818722686568047253e-01
-7.967068958706401416e-01
1.826157685270499154e-01
-2.039716324560559013e-01
9.847274963040727469e-01
