

gen best mean std best_sol
0 7.941909 -2.458727 5.115736
1 7.941909 -0.367386 4.959168
2 6.298733 2.087374 4.17629
3 6.298317 1.657376 4.77237
4 6.298317 3.451161 3.523953
5 23.176279 6.770047 5.944581
6 23.176279 8.861323 5.555702
7 23.176279 8.88465 5.544155
8 15.74909 6.029239 4.816245
9 15.74909 9.127656 4.334126
10 15.74909 11.968258 4.629487
11 15.74909 13.816503 3.864431
12 15.74909 15.748642 0.000598
13 15.74909 15.748941 0.0003
14 15.74909 13.606385 6.428115
15 16.112127 15.793462 0.107407
16 16.112127 15.8017 0.105648
17 16.112127 15.81406 0.102333
18 19.524513 16.195637 1.113927
19 19.524513 16.20395 1.11087
20 19.524513 16.238196 1.102199
21 16.112127 14.915576 2.875004
22 23.121029 16.597847 2.177807
23 23.121029 16.630117 2.167958
24 23.121029 16.971325 2.085125
25 23.123279 17.891084 2.636041
26 23.123279 18.203417 2.464987
27 23.123733 18.834993 2.811316
28 23.124189 20.090621 3.035319
29 23.124189 21.167934 2.625312
30 23.124189 21.559523 2.269517
31 24.144074 23.327577 0.40825
32 24.144074 23.424358 0.459048
33 24.849207 24.113232 0.713105
34 26.128496 24.692821 0.581801
35 26.128496 25.159209 0.665244
36 29.409631 25.951378 1.296339
37 29.409631 26.335268 1.084762
38 26.128496 25.114735 2.660695
39 26.128496 25.090881 3.108643
40 26.128496 25.628013 1.496234
41 26.128496 25.202008 2.77408
42 26.128496 25.088637 3.113183
43 28.865004 26.674282 1.095362
44 28.865004 26.674282 1.095362
45 30.40654 27.218937 1.507645
46 28.865004 25.699354 3.881335
47 30.40654 27.018322 1.405025
48 33.394336 28.471541 2.79902
49 33.394336 28.139391 3.078689
50 33.394336 28.426891 2.722654
51 42.674886 30.322416 4.80261
52 33.394336 27.787222 5.819533
53 33.53348 29.954551 2.665441
54 33.53348 30.237448 2.379095
55 33.53348 30.237448 2.379095
56 37.983357 32.650456 2.875849
57 44.872876 34.341162 4.281883
58 44.872876 35.078263 3.794229
59 37.983357 33.033489 4.751829
60 40.030384 35.443763 2.155814
61 40.030384 35.443763 2.155814
62 40.030384 35.443763 2.155814
63 40.030384 35.443763 2.155814
64 38.719245 36.734676 1.470828
65 38.719245 36.734676 1.470828
66 38.719245 37.002697 1.250841
67 38.719245 37.002697 1.250841
68 38.26262 36.212087 2.142592
69 38.26262 32.040862 13.61762
70 40.704916 37.502499 1.673967
71 40.153872 34.086541 9.270514
72 40.153872 36.928702 1.445781
73 40.153872 36.928702 1.445781
74 38.26262 36.11886 2.536484
75 41.38735 37.358607 1.609421
76 41.38735 37.358607 1.609421
77 41.38735 37.358607 1.609421
78 41.38735 37.358607 1.609421
79 41.38735 37.358607 1.609421
80 38.26262 35.160948 5.32447
81 38.032516 30.838566 13.171325
82 37.983357 30.756682 8.956133
83 37.09184 28.499723 9.666255
84 36.913466 25.124652 13.260823
85 36.125143 22.242362 13.51445
86 36.05625 20.53532 12.450266
87 36.05625 19.108381 12.909789
88 35.67728 17.688862 12.495832
89 24.405834 16.271946 8.127979
90 24.137323 17.076949 8.111147
91 24.099506 18.968924 3.816942
92 24.099506 20.403319 1.277492
93 24.099506 20.403319 1.277492
94 31.434125 21.626415 3.487098
95 32.966138 22.953613 4.783719
96 31.544303 24.121068 5.419519
97 31.544303 22.93415 9.614244
98 31.434125 23.855795 5.144915
99 29.805071 24.443164 3.503652
100 28.775132 24.824912 2.074201
101 32.974211 26.67583 2.852366
102 31.338178 26.102349 3.121959
103 31.338178 27.998985 2.210949
104 32.15594 29.715199 1.623751
105 32.902124 30.644748 1.472622
106 32.902124 30.644748 1.472622
107 34.056309 31.693605 1.65052
108 34.056309 30.712135 2.599214
109 37.854399 32.073414 2.4119
110 37.854399 32.163216 2.30695
111 37.854399 32.163216 2.30695
112 36.297568 31.461078 2.976146
113 36.297568 31.738088 2.367657
114 36.297568 31.738088 2.367657
115 36.297568 32.410953 1.639085
116 34.056309 31.070187 2.905753
117 32.902124 28.831241 6.339381
118 32.15594 27.860084 5.89562
119 32.15594 25.610684 11.324981
120 31.878011 24.405931 11.164446
121 32.769137 28.25804 5.084354
122 31.878011 26.857135 7.133471
123 31.878011 29.121655 2.433914
124 31.520383 28.597382 3.488712
125 31.340164 28.978884 1.918525
126 36.654045 30.256509 2.496054
127 39.394976 31.394713 3.575289
128 39.394976 31.719801 3.400838
129 39.394976 31.719801 3.400838
130 36.654045 31.435929 2.088458
131 32.330292 29.729977 3.57077
132 32.330292 30.174256 2.643215
133 31.340164 28.160825 7.204276
134 31.338178 29.211259 2.670348
135 31.338178 29.914524 2.163777
136 36.431707 31.684212 1.635645
137 32.12254 31.15992 1.082045
138 32.12254 31.492859 0.314958
139 32.12254 31.494651 0.314046
140 32.12254 31.239804 0.602592
141 31.355247 30.985029 0.705345
142 31.402638 31.167886 0.531444
143 31.402638 31.167886 0.531444
144 36.23855 31.835383 1.467863
145 36.23855 32.326427 1.956158
146 36.23855 32.327433 1.955646
147 36.23855 32.32906 1.954829
148 36.23855 32.33476 1.95201
149 36.23855 32.340232 1.949286