6.028087205474643717e-01
-7.210500092694946961e-01
-6.737507189947029573e-01
1.450866889288016104e-01
-8.908577556241601414e-01
-3.743807819991682440e-01
-8.286168914425677823e-01
-9.484866484803029518e-01
4.087248755622787666e-01
7.574509751273073022e-01
-8.665834176701119329e-01
7.497267496377173490e-01
-3.213773815739939810e-01
1.474917177700847404e-01
9.555365771605133229e-01
8.491955694756201378e-01
-7.744332823346042893e-01
-8.644738099204369863e-01
8.125982449137687524e-01
4.308501176393475518e-01
-3.284554328539570633e-01
-6.733345911370884895e-01
3.851292123447251914e-01
-6.575247413216358527e-01
5.247615881443599140e-01
-6.187150370441554248e-01
2.051016086904104974e-01
-5.076737059457694379e-01
-8.942888947501104191e-01
7.576277383951235400e-02
2.037737636909640049e-01
-1.892148194225073965e-02
-1.653295490624688835e-01
6.627365594151037875e-01
2.254510529796043272e-01
4.164705087445517151e-01
-7.261645679250896546e-01
1.787616510136174064e-01
-1.144747080165271491e-01
-3.012773678050686410e-01
9.521730617813985997e-01
4.186623193217857697e-01
-2.813080310112576754e-01
6.137282919600726139e-01
-9.194212381146784629e-01
9.349367473099423620e-02
-2.525738651079496577e-01
-2.062085723522022462e-01
5.413856859867620663e-01
-4.249076638650799431e-01
-3.937310289901234661e-01
-2.382589035299909064e-01
-7.091121308167416259e-01
7.455673980166108716e-01
-2.427406084107694983e-01
5.322995177913485421e-01
6.742749305823858563e-02
-8.044649038301399102e-01
7.536866509762787381e-01
2.162160054628998740e-01
1.525279023740999662e-01
4.624577639972782261e-01
4.352372166894935557e-01
1.138735351740620683e-01
5.796361253078650133e-01
1.639267217434057233e-01
5.679127907316392498e-01
4.098920684582152418e-01
-2.843040903581006695e-01
6.353581078528236503e-01
5.203144815569042958e-01
8.634249247378582570e-01
2.122065304535267760e-01
7.738199035623347655e-01
5.148859804429115616e-01
4.441356944063346024e-01
2.435987807930097837e-01
3.682677030131025209e-01
8.040980795180345808e-01
1.425233538946750755e-01
-3.988402479684436397e-01
-6.454350892360465330e-01
3.548033202421987387e-01
-9.300706101247770974e-01
5.534138355888662542e-01
9.472911153511600624e-01
-7.568651622701771942e-01
-3.579088815301705306e-01
5.994004755281914232e-01
-6.424043515590922571e-01
-6.201585268131060147e-02
4.581104743921475819e-01
2.964695076226795400e-01
7.062977789953917007e-01
-2.279592022776755211e-01
-6.614142374349161191e-01
9.025650371919640147e-01
-7.572813684417669666e-01
-6.978685819714367522e-01
-5.660823368093970132e-02
4.151165624237413976e-01
5.581818047744115940e-01
2.815466236406611866e-01
4.255228023430772666e-01
4.405450689281493748e-01
6.521271844233504922e-01
-5.283920656327212306e-02
-3.257708636065512753e-01
-4.707799174966382783e-01
-9.132340703374952628e-01
4.970913605740092667e-01
3.443509045144934611e-01
8.971734393286836529e-01
-3.103609643425229159e-01
9.346777421488563498e-01
8.341230093810492185e-02
1.781568909579809290e-01
7.842919691004923699e-02
-3.739949105544089214e-01
3.655186580293057208e-01
-8.107111830438473721e-01
9.313755835278003659e-01
9.310020279547703836e-01
3.121889217006765804e-01
-8.200309421931568643e-01
1.490041183013137704e-01
-5.716372649695335983e-01
-3.903671530436239046e-01
6.381198052393293185e-01
-6.159793715589545471e-02
6.478603380913483534e-02
-4.786018723749967396e-01
-8.931341788598179399e-02
9.571724311157894238e-01
6.866557356689810820e-01
9.753845124836233449e-01
-8.897112247440164268e-03
4.840200408969346224e-01
5.026202916825888156e-01
-5.098291107455477089e-01
-9.909038857179830462e-01
-5.676598034089925804e-01
9.952567747169389634e-01
8.116940327644333042e-01
-8.464828218480084931e-01
6.259369795521008140e-01
8.522928150968929195e-01
4.267877059998395062e-01
-8.560828157659874371e-01
-2.046903478363788498e-01
-5.625901712298559953e-01
-2.836119441836657540e-01
-9.019218356864564523e-01
-1.548901903513570932e-01
8.709042145350729403e-01
-8.544254229834762349e-01
5.195347110761805443e-01
-4.831459947763665497e-01
-3.519345474303130494e-01
-4.585407629084290448e-01
2.110918966832409094e-01
5.440756883778785635e-01
3.118309828260645844e-01
-3.745639238376099467e-01
7.504558280146169658e-01
5.162310225106765404e-01
6.804267007047251070e-01
9.411958979270420578e-01
2.244199114937805994e-01
-4.920780523227912262e-01
4.698331940977911181e-01
-7.463322298183594494e-01
1.396361255835447679e-01
7.534865761414710761e-01
-2.555017880638752459e-01
1.090222493317727359e-01
-7.987764819261944371e-01
7.651817621754903875e-01
-1.564599020075363445e-01
-8.442757455537401867e-01
-1.682094874667698914e-01
5.149276170512862016e-02
-9.384358982594369625e-01
-9.173977307984328977e-01
-3.942538155712473902e-01
9.751729375971709413e-01
-6.562628835584005671e-01
2.501493979929199085e-01
5.190939539655770041e-01
1.104823543044797240e-01
9.657957872559261858e-01
-7.650904132078208963e-01
-5.326305374537865234e-01
-9.079767625385362084e-01
4.749610228070477724e-01
8.130472502896346487e-01
2.183197520236623834e-01
2.755430499735944672e-01
7.163170557099800551e-01
2.287570455983267692e-02
-4.518357204448031350e-01
2.421488025009430611e-01
-6.797560957037518392e-01
6.896649129909480092e-01
3.548611959454486264e-01
-1.026153209546720735e-01
-8.070277845185731547e-01
6.200768826012232893e-01
-1.054274607960214993e-01
-9.121600686803021940e-01
-1.126181423872985032e-01
3.563333405280815214e-01
-4.100586350297799054e-01
6.526033139593168109e-01
-1.168688242290794044e-01
-7.209089146396647774e-01
6.244351987680030192e-02
2.918090733327471931e-02
6.872796553014335341e-01
-7.689723514041559849e-01
-8.226011876538512624e-01
8.392944540537561338e-01
8.076088841900428417e-01
-5.141139056288535070e-01
-3.596237618447539752e-01
-1.466307368591692750e-01
-1.500302272656155456e-01
4.462033817502217836e-01
-7.970356323771565776e-02
-2.603070911303417834e-01
-2.881156488718406017e-01
-3.641032421507672812e-01
6.988677159486429424e-01
5.849886540888022957e-01
-3.879670510996573451e-01
-3.869581751126751623e-01
-4.233133420385672974e-01
1.500196209374893286e-01
-8.155805602292018897e-01
4.885545511451536704e-01
9.060016665477708120e-01
4.366107575321100942e-01
6.250269950104132555e-01
-5.811974798731280867e-01
9.714251705678627058e-01
-3.655071384494446018e-01
9.015367199204071813e-01
-8.261153403654899474e-01
4.523606319241557649e-01
-6.144251310129711374e-01
1.283863901529569418e-01
4.623297573607809685e-01
-8.032228917953845304e-01
4.604689006329132361e-01
6.817684782441726377e-01
4.538261451188503326e-01
-7.794397086678472863e-01
9.294968538666610325e-01
4.115865224175829784e-01
4.352116694211309866e-01
9.774017537318093751e-01
9.016890039752580854e-01
-8.707149738579482712e-01
8.122342214210582778e-01
-1.999087822539078463e-01
