8.283144372833460556e-02
-7.313693947877030199e-01
-6.649204833408316473e-01
-3.168258423182282457e-01
8.759478607683701679e-01
1.833086569000446753e+00
-8.859707468889255200e-01
-2.832855419210866810e+00
1.025331249365333930e+00
1.168026981402237485e+00
1.210289093967160445e+00
2.859257959285598893e+00
-2.413881144567715520e-01
1.140300795289522107e+00
-2.039056557177374440e+00
-3.526742377906703751e+00
-2.338086943217115021e-01
-9.746737161387253323e-01
2.347364428863617791e-01
9.027372874737947805e-01
3.732443372688745709e-02
-4.873220718665423057e-01
-1.561499170009500226e+00
-1.596120027446489509e+00
-1.199956455493795149e+00
-1.806518555102989421e-01
-1.331033335401652362e-01
3.307347053628333922e-01
2.776891640944037509e-01
2.064612213045909250e+00
-8.973286890010012673e-01
-3.517159200384337853e-02
2.523616473187210829e+00
4.164469816184704354e-01
1.315598012495208691e+00
2.690665657417054657e+00
-3.792270749903958738e-02
-2.214356365285377048e+00
6.629055950501823169e-01
1.571204105145511898e+00
5.460520650208676718e-01
1.854362704487146768e-02
-1.773415381198074403e+00
-1.655535091521212365e+00
1.032420970435611422e-02
-2.369946739263423474e+00
2.721257986378131211e+00
-6.683091336282727113e-01
-2.422169153211145842e-01
-1.067768660453092711e+00
9.702318451349243311e-01
1.803625055210034578e+00
2.500525133725385096e+00
-2.079741739094910002e+00
2.776097981748419485e+00
-8.698973038779409528e-01
-2.807675955971363768e-01
1.459570291618844884e+00
4.136387334313236797e-01
-2.660856423316598107e+00
3.926057410263580905e-01
-2.995001433044059524e+00
-9.867674133207290366e-01
8.863274220204917508e-01
2.684762599975755393e+00
-3.642946624626289265e-01
-2.876917206702075402e-01
-7.736868958847417099e-01
9.421941599502886566e-01
-1.158363271690940000e+00
-7.832602131479777796e-01
1.884872231950032173e+00
-7.120581800955904095e-01
-3.846836338876457040e-01
-7.110726356736495335e-01
9.448303183654739312e-01
-3.565033123790540603e+00
-8.819856804163951347e-01
-6.278500904788660852e-01
8.129020630764505206e-01
-8.980621701879557550e-01
3.338338474902700526e+00
-1.026214165250873167e+00
-2.177803459298367716e+00
1.220236794808090997e+00
-3.370105624195350869e-01
-1.952340487641862632e+00
-5.141369928858784411e-01
3.083169367021980634e+00
-2.214390288271455454e+00
1.154736731278032558e+00
1.881988818598316016e+00
-1.369233232425089986e+00
-6.429421115515790985e-01
-6.130731984163019233e-01
1.199536394715075227e+00
7.096330607889251851e-01
1.707922119606948730e+00
2.917554756035247721e+00
-1.975003210800549303e+00
2.046285677332661201e+00
3.512734163629120054e+00
9.633275440530442157e-02
-3.541120322245163710e-01
-2.102110388645295758e-01
1.015489407274810935e-01
-2.008294685030768967e-01
-3.709828825076731951e-01
-1.698219969933479012e+00
1.091144000437015427e+00
-1.999012690066979570e+00
9.159360674881493747e-01
1.124391442514717454e+00
-3.068608075797227275e-01
-7.731464476492442284e-01
-5.625935000009624209e-01
-1.305247739445608846e-01
1.670042795206011732e+00
-1.710990973623407907e+00
-2.748735438112538620e+00
-3.876399001131561328e-01
-1.268053457651172833e+00
1.603833203418469022e+00
2.063875399777767239e+00
-5.784094962896559888e-01
1.036720638722048893e+00
-2.419575934967811204e+00
4.639216728788539412e-02
2.941519734458236113e-01
-1.752105511164971707e+00
1.123143331304353065e+00
4.168091442148531556e-01
-3.462947674733039549e-01
3.966578076068025815e+00
5.627680964652412854e-01
-1.233560295926538819e+00
3.903273077613312880e-01
-1.530090088477781274e+00
1.288005980674685302e+00
-1.506330347855977525e-01
-2.100698606749425768e+00
1.853136069653546603e+00
-1.244246616891273360e+00
1.604817114645108678e+00
1.277152936947553830e+00
5.637937738328463455e-01
-6.035271332026693747e-01
-1.079698071999028564e+00
2.342316796270740853e-01
9.161620006662775095e-01
-8.750091400258942498e-01
-1.929186468928337506e-01
-1.766541356236857929e+00
-2.218084518758147716e+00
7.503732131393460181e-01
-1.314534468389455313e+00
-3.780431483022123063e-01
6.467024812877142370e-02
-1.349552655418890579e+00
1.306609827854589012e+00
1.350357426722066823e+00
6.010400485648970115e-01
8.715073666805791541e-01
2.565352858989252027e+00
1.286625075942068319e+00
-1.990074728212887223e-01
9.088121884765478775e-01
-1.251310528774256081e+00
-2.103723656763823335e+00
1.500836856566137856e+00
-2.295595423273700586e+00
-7.491387472037047690e-01
2.130724896477488528e+00
5.700653453683790506e-02
2.081237820820093898e+00
-1.039004661397800566e+00
-3.468187366616280048e-03
-1.976496624034804084e+00
-2.401698292728910722e-01
-4.916757290622679744e-01
-7.437250405948961363e-02
-1.888387419468753325e-01
-2.283489753865726168e-01
9.528769589860891509e-01
2.341320991820843744e+00
-1.026004525563063430e+00
5.248263972648100628e-01
-1.964893881112403928e+00
-1.615624387947080853e+00
2.903079347352288675e+00
-3.472319630495654952e-01
1.403356748124159337e-01
-1.960942811752093562e-01
-3.367967485410103268e-01
-3.121544262460496655e-01
1.290154880997250508e+00
-2.658192081360670755e+00
-3.337933328085744389e+00
1.448195169349095979e+00
1.007891231238496887e+00
-1.285245259786373495e+00
-2.528058405628256788e-01
-9.173295867633694811e-02
-4.022318345171849163e-01
-1.027534334633704471e+00
-2.426291970564439793e-02
7.361978052114683813e-01
7.489453673106660769e-01
-1.023854180849492090e+00
9.075904807290101628e-01
-1.970891078045609923e+00
1.044825930472406406e-01
-6.742075439348238497e-01
1.430419041099296740e+00
5.023937792970541993e-01
1.855729034282285417e+00
3.295177699431323659e-01
1.093884843343491786e+00
1.746235048056594241e+00
6.654770209166140926e-01
3.815891639751330944e-01
-8.020396619386662707e-01
-1.821731319814671179e+00
-7.775202295071126368e-01
1.377983710829714603e+00
1.295146410748427845e+00
-1.685399302382978304e+00
-7.524795150228403839e-01
1.976508677983174422e+00
2.244379141637725117e-01
-1.922968939578443948e+00
3.876620991933837357e-01
-1.087196835731716993e+00
-6.267114282836628858e-01
-1.334589335039995328e+00
5.255763286249066635e-01
-5.090519192001989879e-01
3.890836390536271505e+00
-3.858567911357689839e-01
-3.172499572820469682e-01
-1.627503143778924910e+00
-3.374300900241204437e-01
1.035508301555889688e+00
-1.494081216494767272e-01
-3.745803352828034893e-01
5.775919337378386809e-01
1.328157993046095386e+00
5.076310068762444061e-01
-2.030277650455715399e+00
-1.585897223096389030e+00
-2.390071223219802643e-01
3.211644248208647578e+00
8.147703265413694385e-02
-8.903819451978772781e-01
1.620597556948954743e-01
-6.652302928115471081e-01
9.047298311929832249e-01
1.059503817325920583e+00
6.274987423899144323e-01
1.225431980050581959e+00
-8.805675469377067799e-01
3.041126205032165242e-01
1.717968075364374458e+00
-5.933207843112202617e-01
9.042132846198128737e-01
