-1.238155656861281528e+01
1.273825978368959166e+00
-1.055368273881649444e+01
-3.797878529078725585e+00
5.818572638281030329e+00
3.164672392098618392e+00
1.721502323762139186e+00
-4.350971341689074734e+00
8.547118396310150246e+00
5.389014536200775751e+00
-5.950741551501798732e+00
1.118163205468794708e+01
2.575693743003453662e+00
-2.437445593056076221e-01
3.923091391688726670e+00
-9.556499473134554279e+00
8.141361089279750551e-01
-6.911037372802177892e+00
2.934513287628766953e+00
1.211083705763446927e+00
-2.580403234496194131e-01
2.749331907731836111e+00
-1.280259275029753896e+00
-2.353984465887179578e+00
-4.905614219354048622e+00
-1.366713115902655540e+00
-1.015234325498816936e+01
-1.112964212788997820e+01
-4.872829091030046911e+00
3.385057216776766520e+00
-5.148452039974236172e+00
3.829996862168798533e+00
4.549330024759908220e+00
3.539419215462408008e+00
-6.457937991394349098e+00
-1.088398598464330114e+01
8.753520755213594073e-01
2.469448680240482030e+00
3.531257406388853326e+00
9.616185085720440284e+00
3.667299739199516129e+00
-5.258402976398111051e+00
-9.897007031300216084e+00
1.790477221859347878e+00
-5.904800009473187394e+00
-5.081549786646590405e+00
-2.129509090986746678e+00
-5.756050300696616162e+00
-4.718763859219214374e-01
-6.930527940390872388e+00
-1.170488681756273408e+00
-7.480376652493458955e+00
1.156200123488351039e+01
-6.634408787412278130e+00
4.606835623674789382e+00
-2.610037217493395456e+00
-5.592021552851921484e+00
-2.582233744614879534e+00
-8.945087343917688116e-01
-7.911466652251182285e-01
4.098480833800477008e+00
-3.310797435491447782e+00
-5.216465619790459307e+00
2.368440676946033108e+00
1.120310849478608617e+01
5.165021532463864418e+00
-5.262509562193780077e-01
-4.036595699715210372e+00
-2.667516319965782756e+00
-1.024278310917325352e-01
-1.075117661051866769e+01
1.389946804890314169e+01
8.279231023599372685e-01
-2.426253835151751304e+00
-1.907109696794746789e-02
2.377553623554208517e+00
-7.270475237254943934e+00
1.258344957024241317e+00
-1.054789310643283606e+01
4.086471221427540712e+00
-7.810843419576498192e+00
1.329993317021866694e+01
-2.449688875673606159e+00
-3.839177312621944616e+00
-2.290528915765382978e-01
-1.103600663375320368e-01
-7.915550416421458735e+00
-8.129807755455885854e+00
1.059710954911077252e+01
-5.098166033250639551e+00
3.825234780137498181e+00
3.088940141827433372e+00
4.013548146506441539e-01
-3.045428918554801356e+00
-1.222113596764670795e+00
1.069840435973229198e+00
-5.362247527858837737e-01
1.175374031997821866e+01
5.008460734658774172e+00
-2.191284860968752746e+00
4.573507655857092402e+00
6.435909035267325606e+00
3.815986064453574578e+00
-6.281394690250019508e+00
2.307807209356496525e+00
-2.542695028343983088e-01
-1.614019011489809419e+00
-4.779737976392425480e+00
1.650275111560260077e+00
7.938597841872787164e+00
2.610655207221868057e+00
4.844866457554251937e+00
-1.449819388177143509e+00
5.656982052229476921e+00
-6.483581498973312485e+00
3.257580514378501491e+00
8.336697614212145169e-01
2.387122166128142542e+00
4.550256565990213331e-01
-2.930149019517369613e-01
-4.316458778602082491e-01
1.750176368393377979e+00
7.496262652780242064e+00
-4.834812369569655432e-01
3.227472282882244414e+00
1.634026508921486487e+00
-4.982693822802993111e+00
-1.170963160237447953e+00
2.005699399409279327e+00
-1.676403741801714631e+01
3.831439290084575511e+00
1.855446701878821880e+00
-9.402233678662020866e-01
1.171649182063859929e+00
-2.336703174424011209e+00
4.648055670108256265e+00
4.095495565506669600e+00
-5.634794954686459967e+00
3.855722515496606828e-01
8.214405777248490637e+00
-7.433141835581316137e-01
3.445319369122255004e+00
-5.464680209288300006e+00
-1.079416961530935470e+00
4.380802900871609395e+00
1.592834346352578700e+00
-1.418984222124983141e+01
-3.246236438039561634e+00
-3.658695183875469326e+00
3.594278017555194271e+00
-6.861898774384922461e-03
2.762546465727929945e+00
1.082776909033431822e+00
-1.478434245421532012e+01
4.233939557060740988e+00
-3.852716703079809513e+00
4.067956106712544706e-01
2.479028088313059541e+00
2.189680679539693031e+00
7.286571345049574155e+00
1.161084426978669271e+01
-4.524208437963692653e+00
-1.222777676441519912e-01
4.303425416358259703e+00
-2.575337600949478833e-01
2.347980308237387348e+00
8.357795790381028489e-01
6.467377672358272989e+00
-6.488959563591923718e+00
2.244108477365271082e+00
-6.858357025237260096e+00
-3.747306564343836577e+00
-2.792329294040252208e+00
-2.745053301549961855e+00
-5.647383449744839412e-01
-5.468664069187396670e+00
-1.565979946344398188e+00
5.230874964397850491e+00
5.049451062450957650e+00
-3.551033323566457511e+00
1.897490517601060800e+00
3.103068427737283308e+00
-7.512852334435784485e-01
-3.807640042593801510e+00
5.594352358241709844e+00
-6.380891016369769075e-02
4.278112366181916038e+00
-7.333271573140894617e+00
1.394486604110141581e+00
2.213023666546753532e+00
-4.610391298450570829e+00
-1.259998569003626612e+00
7.034297456501391821e+00
-2.344457199482923304e+00
-8.433703921656043434e+00
5.842218464828613733e+00
3.900693381094644252e+00
-6.777361453199771901e+00
2.023236695183486145e+00
1.288766783501186453e+00
6.126762146074550941e+00
-3.894261134482221554e+00
-7.612556552022589074e-01
-1.838153570314930096e+00
-1.350744352054719322e+00
-2.690544382868107931e+00
-1.496141106370227458e+00
-3.230298380178845630e+00
-4.522536297838223085e+00
6.187718025895049045e+00
-9.392575250717889901e+00
-2.229926215558305280e+00
-3.769594395112694674e+00
7.987828721282730360e-01
-4.751670690813142306e-01
2.501718760670837316e+00
1.006943162105406664e+01
1.027312103976452118e-02
5.555120370734250912e+00
5.198064004373305735e+00
-4.666349008267030918e+00
-7.687141479334447247e+00
-2.024336342169792413e+00
-3.238509999764756842e+00
3.379400962723842827e+00
5.882634106405451035e+00
-1.059927713705945784e+01
-4.098514674806782665e+00
5.420778259306435753e-01
1.979325979735451768e-01
-3.888215497778433338e+00
-1.610762908520553260e+00
-1.490642419831215815e+00
-7.129315102237629986e+00
-1.102391551152484883e+00
-3.642281213574985355e+00
-4.099722857095880357e+00
1.196613373772008693e+01
3.739979956664430283e+00
-6.778646914483173802e+00
-7.495805732836253732e+00
5.136396956179146933e+00
-5.575168392818983243e+00
3.413989032743868779e-01
5.772009100112511781e+00
-7.362036247486377860e+00
9.708041789175506864e+00
8.846346195550429670e+00
-4.081054092789532461e+00
-4.698709495696157035e+00
-1.114456267967214531e+00
1.555663938582923178e+00
4.313665101573795901e-01
-2.859937873696385857e+00
-1.363171234565117018e+01
-5.892783124353635493e+00
4.553983875044508522e+00
1.949115929258280255e+00
-2.549625349834016674e+00
-5.546556036030201309e-01
-1.706652822025960692e+00
6.653079195838003557e+00
-5.020886504955468510e+00
5.978888940850048073e+00
2.753658575878786596e+00
