

gen best mean std best_sol
0 6.059935 -4.551685 3.575761
1 6.298317 -3.166513 4.68707
2 6.298317 0.447785 5.752553
3 6.298317 5.129998 3.191571
4 6.298317 4.928792 3.716438
5 7.913832 6.398434 0.514003
6 7.913832 6.446646 0.489914
7 7.913832 6.455978 0.486097
8 6.299151 4.668385 4.890075
9 6.298317 6.298317 0.0
10 6.298317 6.298317 0.0
11 6.298317 6.298317 0.0
12 6.298317 6.298317 0.0
13 6.298317 4.938673 4.078933
14 9.079982 6.576484 0.834499
15 6.298317 5.820117 1.434601
16 6.298317 5.101376 3.590826
17 6.352774 6.303763 0.016337
18 7.006433 6.445386 0.280986
19 7.006433 6.450894 0.278578
20 7.006433 6.450894 0.278578
21 7.006433 6.450894 0.278578
22 7.006433 6.450894 0.278578
23 8.504356 6.671498 0.669539
24 16.08537 7.695441 2.869616
25 16.08537 7.695441 2.869616
26 16.08537 7.695441 2.869616
27 16.08537 7.695483 2.869596
28 16.08537 9.529299 3.814091
29 14.876815 7.400238 5.237064
30 20.870801 12.102286 4.649451
31 33.089926 17.493824 6.608749
32 29.203327 23.612922 4.702582
33 34.404017 26.334436 4.412146
34 34.404017 26.59173 4.107264
35 34.404017 26.789006 3.878691
36 29.203327 25.40315 3.818356
37 29.203327 24.476239 4.799187
38 29.188407 24.553875 5.4125
39 29.188407 23.058907 6.44352
40 26.846142 24.435789 1.985122
41 26.846142 21.942509 9.198327
42 25.49768 23.511129 3.760449
43 25.96637 24.880558 0.486658
44 25.96637 24.880558 0.486658
45 25.49768 21.670518 9.273889
46 25.1376 21.771972 6.916329
47 25.734873 24.170655 1.885905
48 25.734873 24.170655 1.885905
49 25.734873 24.170655 1.885905
50 29.809112 25.288551 1.554492
51 29.809112 25.288551 1.554492
52 25.734873 24.029747 2.301464
53 25.1376 22.823489 3.778704
54 24.826361 20.14159 9.326546
55 24.687612 18.371943 9.436303
56 24.644391 18.318222 8.252304
57 24.644391 17.807905 9.090613
58 24.580925 17.138368 8.276076
59 35.874784 21.818361 5.627829
60 35.874784 21.818361 5.627829
61 35.874784 22.934382 4.981233
62 35.874784 24.5087 4.350625
63 35.874784 25.393543 3.761346
64 35.874784 25.393543 3.761346
65 35.874784 25.393543 3.761346
66 35.874784 25.728476 3.540219
67 35.874784 26.007927 3.35163
68 25.927854 22.534476 7.160521
69 28.665569 25.287005 1.297889
70 31.017979 27.005059 1.890276
71 31.017979 28.027411 1.192281
72 31.23311 29.00405 1.427848
73 31.23311 29.311483 1.490592
74 31.23311 29.311483 1.490592
75 31.23311 29.311483 1.490592
76 31.23311 29.311483 1.490592
77 31.23311 29.311483 1.490592
78 31.23311 29.311483 1.490592
79 31.23311 29.311483 1.490592
80 31.23311 26.610878 7.581699
81 31.017979 27.502787 3.043356
82 30.992746 26.16628 6.259892
83 28.665569 26.374745 3.496084
84 30.362585 27.755237 1.59324
85 28.665569 25.784704 5.512926
86 28.651831 25.530706 4.09134
87 28.02287 24.320629 5.508803
88 28.017535 21.747222 9.488907
89 28.017535 21.127839 9.912475
90 28.082578 24.651664 3.268176
91 28.082578 25.446963 2.494336
92 31.309939 27.165333 2.100577
93 31.309939 27.165333 2.100577
94 29.481738 27.478451 1.340283
95 28.696529 26.324089 3.027258
96 28.082578 25.259482 3.7833
97 29.882848 27.312529 1.366819
98 28.082578 23.624908 10.261501
99 28.017535 26.390804 1.423231
100 27.957188 22.981434 9.774842
101 27.957188 21.278206 10.169067
102 28.880602 24.924608 4.412498
103 28.880602 26.332314 1.460649
104 30.340128 27.525521 1.776317
105 30.340128 26.207445 3.372164
106 28.880602 25.417402 4.717771
107 29.099585 27.159579 1.303999
108 29.099585 27.159579 1.303999
109 29.099585 27.17891 1.28067
110 29.099585 27.393852 1.157485
111 29.099585 27.393852 1.157485
112 29.099711 27.740844 1.095069

gen best mean std best_sol
112 29.099711 27.740844 1.095069
113 29.099585 26.28988 4.025355
114 28.880602 22.79921 10.307814
115 27.957188 21.31244 9.704898
116 27.935945 18.345468 11.738886
117 27.921249 17.832142 10.421626
118 27.662425 16.999918 9.459968
119 26.636193 16.580787 6.928977
120 26.509218 14.890006 6.560726
121 25.70632 11.888938 7.568468
122 16.762116 10.088331 6.507346
123 18.905095 13.50296 2.484887
124 21.627352 14.699347 3.141613
125 21.627352 15.91707 3.240143
126 21.627352 16.787605 3.394436
127 21.292963 15.586462 7.46101
128 21.257829 16.788731 3.375873
129 22.610689 18.256154 2.533534
130 24.44211 19.922802 2.336223
131 24.452394 22.192695 1.520422
132 24.44211 22.010141 1.310222
133 22.729467 20.506424 3.840987
134 22.729467 20.978864 2.890682
135 22.637217 21.175761 1.879122
136 24.479832 22.425311 1.178964
137 24.479832 22.425311 1.178964
138 24.479832 22.881663 1.116748
139 24.479832 23.009219 0.99435
140 25.5862 23.433649 1.093014
141 25.5862 23.728517 1.191096
142 25.5862 23.78969 1.133443
143 25.435305 23.823488 1.276804
144 25.435305 23.964174 1.05067
145 25.435305 23.964174 1.05067
146 25.518063 24.41987 0.921609
147 25.435305 23.628043 3.515553
148 25.433489 23.738846 3.133917
149 25.289107 24.553709 0.699128

gen best mean std best_sol
149 25.289107 24.553709 0.699128