2.740652924394169521e+00
-5.081166034582713653e-01
-4.024694067840687950e+00
6.962286941778208060e+00
-5.941181891913345225e+00
1.180197291327657272e+00
-1.353913096667967997e+00
2.130547821889267890e-01
2.339545637412948853e+00
1.291655639762151697e+00
1.524170415622632113e+00
-1.823367198625776897e+00
3.005952146824620641e+00
6.087408032798613533e+00
-3.335563391334658512e+00
3.217356983915098390e+00
-1.829916788894288660e+00
2.708045869364579694e+00
1.466095375231905917e+00
-4.483876431362331161e+00
-4.012662247844836827e+00
-2.227019408095373687e-03
-2.381221373579649914e+00
3.264323555292070744e-01
3.283884938664036190e-01
5.476900495652365031e+00
5.730820787320278775e-01
5.887619275276225750e-01
5.325794987802130009e+00
4.904923568486331042e+00
3.827738967921683333e-01
2.467218284268704931e+00
-1.540595935403337169e+00
-1.994445418213369958e+00
-1.179422464364280776e+00
-2.265079374563009118e+00
-7.420099100898116973e+00
3.008539233705691096e+00
-3.871820293201546193e+00
-8.953099814156906255e-01
-3.036894723549049768e+00
2.394955953824211115e+00
5.273239295770529189e+00
-1.732200541078191991e+00
2.021390899598682900e+00
6.480444054753505156e+00
5.206258088761543057e+00
2.075078392855413068e+00
-2.145773014246108445e+00
3.075384081271510528e+00
1.059173933474572893e+00
-2.019524816843126125e+00
2.006725921521431921e+00
-4.517736080644882080e+00
8.626636695919180919e-01
-1.383885123010122342e+00
2.054562881441623468e+00
1.618622733117601520e+00
-7.147175449388988966e+00
-1.153563865402607025e+00
-1.886227964625629472e+00
4.524590083889174608e+00
6.508578336545280507e+00
-4.968625932643917054e+00
-3.814888669443773583e+00
6.642158409053302570e+00
1.334119532959685994e+00
-3.505964056410867613e+00
-2.193179957982569483e+00
-6.477941306333530047e-01
-1.310096079619899045e+00
1.163921663130470963e+00
3.053403046177557201e+00
-5.684391967527757217e+00
-1.124052291338771381e+00
-1.271103826511992274e-01
1.267783384335884111e+00
1.386645332627699734e+00
-2.599601446912501501e+00
4.402482222711552318e+00
1.932068731712248244e+00
-1.629296601656656518e-01
7.418955975759388366e+00
-1.893578569320211180e+00
-2.279863482199288693e+00
-4.544347439509294873e+00
1.779025590756978081e+00
-3.301464636660759844e+00
2.603412205877628782e+00
-4.916325062595687800e-01
5.772638827089428659e+00
1.956841218364820278e+00
-3.528942688497076485e+00
-4.735431295209911795e+00
4.283981786979907724e+00
5.666330621025929659e+00
-9.342052068831104839e-01
-2.272554560500683163e+00
-4.731341416849185855e+00
-5.515868994391114555e+00
-1.981370919681044507e+00
3.117573396788622109e+00
-4.848676170792332041e-01
-6.273798031997133151e-01
-2.190156997804988404e+00
1.907341396321478699e+00
1.657306339424471586e+00
-7.230598116349802318e-01
-3.191276213257260963e+00
3.157813012732089586e+00
-1.627314411075034606e+00
-1.403506973975148897e+00
2.058473954261783589e+00
-2.883480566582659943e+00
3.610848713525464326e+00
5.647288976871162269e+00
-2.544642155885335821e+00
-4.533311632699328630e-02
4.605075019100731915e+00
7.713679814689397563e-02
1.395890306582221463e+00
-1.917978780938362771e-01
-4.466892535192607205e+00
-8.156791298364239884e-01
-1.112156250397050794e+00
-1.908471478156343659e+00
-2.640952065413364913e+00
-5.462822651980967059e+00
-1.548648581859405349e+00
-4.374785243126866341e+00
-1.351158128471935838e+00
-2.560184289713623995e-01
1.767467552900279237e+00
-2.881731050543983930e+00
-3.357220313924885957e+00
-2.000056946135607916e+00
-3.226798408786176076e+00
-2.620195823781978461e+00
-3.857407721446062254e+00
-1.734679045639753614e+00
-2.876200974032523838e+00
1.421866329842783383e+00
4.149650960092963636e+00
2.475201843866654094e+00
7.749619304033977807e-04
-4.296998124663300445e+00
2.719924414048821237e+00
7.633613967575560988e-01
1.064242859834269916e+00
3.113938922725183023e+00
8.074562512210993859e+00
2.276875234657432578e+00
6.220596357683170347e-02
-3.412043593783451456e+00
1.681669854626286265e+00
1.911777598787405275e+00
1.985954426379290982e+00
-3.438671133747800646e+00
4.584708500699398392e+00
1.208893100824777633e+00
-1.906430069822705464e+00
2.329805250415442952e+00
2.601280670930845584e+00
-4.244893332377806527e-01
-2.071840129115460449e+00
1.636416086656476310e+00
3.283883930529230888e+00
-1.105906390385054561e+00
6.544134795326511655e-01
-8.459199261445444762e+00
-4.384172159425047788e+00
-1.971314703028113513e+00
-1.511208132614757949e+00
-1.984309349065687123e+00
-6.595746428311493048e+00
-2.250205263468868511e-01
1.638734229681661603e+00
2.503065624959563529e+00
4.458291427100248505e+00
1.361736655011160091e-01
-7.350534383485232581e+00
-3.016925198752304915e-01
3.829438523319143695e+00
-5.221432016452170366e+00
-4.373207372670832704e+00
-1.443224708337576545e-01
7.816960634554664944e-01
1.557470992786379016e+00
-1.892234047024707433e+00
1.272773499066016001e+00
1.734258384731462099e+00
-4.028477849026097068e+00
-1.017466548435147722e+00
3.837934458062390419e+00
1.470091089442970400e+00
-2.022909436012348294e+00
-9.209228256429522474e-01
-1.376861526042134409e+00
6.847853048626745931e+00
-4.725849954515471296e+00
-1.248133770991418368e-01
5.585568907828418972e+00
4.319972717676948903e+00
3.034220947390966927e+00
7.889782758069232571e+00
-4.615547847008592441e+00
9.895533160780756177e-01
7.418735728193460943e+00
4.640004189192885597e+00
-1.025133324661033019e+00
-3.637024992129862966e+00
-2.021496419414252177e+00
-6.198333826651027501e+00
8.710708040953974773e+00
6.553942910583371528e+00
-1.337832022280970312e+00
-3.115083993120755679e+00
-7.867253493586729540e+00
-3.817427966340549261e+00
-1.822310184076466832e+00
-7.705249012436506284e+00
1.376849077244604591e-01
6.166459339518464589e+00
-2.730332531520875516e+00
-7.949678717025083330e+00
-4.054543441136576831e+00
8.389327268327135823e-01
2.067003901373504426e+00
1.551280223566948058e+00
2.178987667483886226e-01
7.105214970034090527e-01
4.457643344823121190e+00
-4.244377245792556042e-01
2.694006676533476696e+00
-1.762052900023364899e+00
-9.308877058134745752e+00
4.138325685302483237e+00
8.655297472765843381e+00
5.667034024760876143e+00
-6.022919524346130871e-01
4.232735873999073917e+00
-1.554094644560739313e+00
2.444322934231032640e+00
-7.218845768195121693e+00
-2.119056317701211167e+00
-1.441656672458403232e+00
-1.341159805776709568e+00
-1.214848795161310724e+00
6.141418702510129890e+00
4.025517964822326600e-01
4.123470658587945259e+00
-1.363185932451303817e+00
5.130360516337979959e+00
4.086808370339293006e+00
5.390547286866148369e+00
-4.515537091992715801e+00
-2.068636682901562551e+00
-3.147772900903382798e+00
1.040683488174169558e+00
4.902993581681005963e+00
-1.296459685990156929e+00
3.077593694053669449e+00
6.086493638644096649e+00
-4.096881368354250874e+00
-1.848897178100885164e+00
