1.544737904023099295e+00
1.192746231452292416e-01
-1.048037928004071251e+00
2.604253893713810886e+00
-1.643456398234239391e+00
9.674636620106589202e-01
-2.442471034432080190e-01
-9.629076294455438112e-02
5.212947033858155166e-01
5.525742932514767780e-01
3.352597058225080251e-01
-7.046716435273879808e-01
7.881281693541624112e-01
1.328533718162677735e+00
-3.963163539564863447e-01
1.132590862286164013e+00
-5.514591464597866644e-01
1.035205474497850942e+00
-5.457694303402954583e-02
-1.064645646958328307e+00
-1.776568624162068177e+00
-9.676269724692285190e-02
-5.124851228381676060e-01
4.820335900914274330e-02
1.219936679775400767e-01
4.663675181606272147e-01
2.301568084982069662e-01
-1.318327204316876167e-01
2.007921417690412547e+00
1.808300093402431363e+00
-5.739671962942961558e-01
1.164082253602547745e-01
-6.708387577528418522e-02
-5.358706590517774426e-01
-4.286399439606196349e-02
-1.989113696722963343e-01
-1.910672686415392230e+00
8.675314877170514638e-01
-1.331850482169069982e+00
1.274178008586465127e-01
-1.177588420160214033e+00
6.182670284915261494e-01
1.398953445458231304e+00
-7.817321438072610817e-02
4.231064810843728763e-01
2.086161287665447617e+00
1.861859779140433213e+00
4.952357178284613748e-01
-8.914776038576646133e-01
6.666841886257830474e-01
9.292493606439868881e-01
-9.748289869208124347e-01
5.636521056980595690e-01
-1.006836076442051864e+00
2.748846802182303706e-01
-2.801551789471690701e-01
1.208019530636836314e-01
5.652556698208631714e-01
-1.794816084420385982e+00
-6.461200243836091595e-01
-5.891664507292299069e-01
1.662867386995389385e+00
1.994820444018514216e+00
-1.176216621071014989e+00
-2.345159407280864805e+00
1.927490398638149083e+00
4.129020684247523554e-01
-4.922457589198249717e-01
-2.148366076182888773e-01
-4.498618014061407933e-01
-4.586864820808503884e-01
1.577897552041430673e-01
1.147031936022404830e+00
-2.418503982721878831e+00
5.708868057445443123e-02
-1.073933330150929066e-01
4.495850795484245266e-01
5.132699855034593694e-01
-5.346749921728694011e-01
1.730830518323572598e+00
-3.451031331282466974e-02
-9.361475022236109833e-03
2.235259852444120732e+00
-5.383233211050150180e-01
-2.939426652872880741e-01
-1.230635312979727169e+00
1.663489484866844392e-01
-8.058147619276057050e-01
6.900295711564350398e-01
-5.370978501593814958e-02
2.002043304797130219e+00
3.950541786018076928e-01
-2.047566417393069660e+00
-5.991280155678089248e-01
1.510609059672820109e+00
1.298682801478809656e+00
-2.157042407030451692e-02
-9.800331737850235259e-01
-1.349706389680870977e+00
-1.710289833341197774e+00
-3.758784805322964440e-01
6.526735912847227983e-01
1.818849330560409761e-01
-7.675383934105908246e-01
-7.395666045352822238e-02
9.238952420406512100e-01
3.140847960514839832e-01
1.888016064602272281e-01
-1.056457905346840587e+00
8.036405387370836317e-01
6.866711808022676333e-01
1.830676155822684725e-01
6.836752482849796086e-01
-6.148506359094336737e-01
1.161501160046059411e+00
8.015476244114870807e-01
-1.135781733574698471e+00
-1.131298900170177868e-01
1.647849792600979857e+00
-6.400227269399031416e-01
4.622218626009662046e-01
2.266269289541974763e-01
-5.425469954632017311e-01
-2.138739020999290141e-01
-1.313695926578385187e+00
-7.986281810872922771e-01
-1.328038628878950744e+00
-1.313952079660719585e+00
-2.586143787844286113e-01
-1.369215798454531452e+00
-5.750397963796918255e-01
-2.766518316834968294e-01
9.219220115943229654e-01
-1.113774396446302939e+00
-5.709712472564032471e-01
-9.713181865388493819e-01
-1.053836878520607367e+00
-1.732207362140705809e-01
-1.659633164225670532e+00
-8.265176438426669048e-02
-5.397223250150804397e-01
6.684821005278890338e-02
7.170643288798805859e-01
7.784962578312377701e-01
-9.335254147258156832e-02
-1.130855656815964450e+00
1.035796103041997096e+00
3.865420636314501612e-01
-9.805593761960443300e-02
1.696169948023229956e+00
2.609016405833928243e+00
-9.632789101799288378e-02
-1.829862931632006140e-01
-8.024606381653607290e-01
6.114277699422288048e-02
-1.939956448941129452e-01
5.097294075979140748e-01
-1.069413924694611717e+00
1.116054953762542157e+00
2.367482739199724961e-02
-2.104767815295560673e-03
1.186314727810185765e+00
3.887011245996221387e-01
-2.111498616034274134e-01
-8.014419758260502569e-01
3.135625831671296493e-01
9.122404754082891198e-01
-8.305137737488985650e-01
4.064697111513420613e-01
-2.612549568127540134e+00
-1.314660535262308638e+00
-1.201641974726573026e-01
-5.489694953260495502e-01
-3.670602202002620773e-01
-2.256268993400417422e+00
1.787673868840881919e-01
1.009477977658362891e-01
5.991127378733551723e-01
1.339931147575950110e+00
-1.879685035386347014e-01
-2.117685384229289092e+00
-7.303222542688098118e-01
6.229815528591287066e-01
-2.204505328327190927e+00
-1.563824682906711505e+00
1.302796321730580742e-01
6.968081204246363569e-01
3.868707458012227152e-01
-6.460730884104787242e-02
1.082768025265217648e+00
3.001271157146204183e-01
-9.261768345646391731e-01
-1.217421875644315143e+00
1.274745201670981265e+00
3.133300862249629448e-01
-2.311690016141051962e-01
-2.137003810959754724e-02
-1.243237638322046146e-01
1.724082652248787983e+00
-1.349672504581498345e+00
5.985379243615973621e-02
8.919812604116650334e-01
1.002440305837573487e+00
9.037340390843400240e-01
2.468316780166796676e+00
-1.019886132412151758e+00
6.307128431149975345e-01
2.030063377405341374e+00
1.655450351944585563e+00
-3.853122979446843566e-02
-7.324145466544386140e-01
-9.118001618433357880e-01
-1.950314006968592029e+00
3.008846978562187857e+00
1.880748057944258367e+00
-3.329505516844071256e-01
-8.704246974648729429e-01
-2.731662432606099422e+00
-1.612129753096328555e+00
-7.351729722178745874e-01
-2.310508837270827343e+00
3.927300340933585487e-01
1.251271336739590012e+00
-1.187116702207287933e+00
-1.907311707578244642e+00
-1.410765340687062386e+00
2.597218987742036522e-02
8.066311321117203281e-01
6.894800874854738471e-01
-1.446665211431746867e-01
-2.249041036398848614e-01
2.191555296052444035e+00
-1.307720993627713990e-01
7.068884498928071913e-01
-1.138295911169429075e+00
-3.346522995452572147e+00
1.035504106355975784e+00
2.492348794196537654e+00
2.119299383836354522e+00
1.751964551069062903e-02
9.644485300296110619e-01
4.023886593779513188e-01
8.601586622806176585e-01
-2.714084898898879938e+00
-8.283308834771121454e-01
-3.263050789593866519e-01
-3.294626559810009958e-01
-4.425291663183085200e-01
1.893530249767148899e+00
-3.297607668143793247e-01
1.008442449061383694e+00
-3.953854883454585578e-01
1.058224261826226531e+00
1.029660817398782680e+00
1.486662933931618191e+00
-8.582677684358042125e-01
-2.329184397093538306e-01
-1.063285097550676461e+00
4.540807118195208658e-01
1.431494200143919704e+00
-6.449544916491964375e-02
9.294888795699662865e-01
1.736319344680509413e+00
-1.420692807117021950e+00
-1.446972556964761125e+00
