

gen best mean std best_sol
0 24.320857 0.679649 10.045931
1 24.341017 3.523882 9.495005
2 48.485179 15.91393 13.479966
3 48.491988 17.702664 12.005011
4 48.515677 24.521892 12.958465
5 48.491988 24.246612 10.466398
6 36.141497 23.080297 6.373495
7 36.151619 23.58544 5.595428
8 36.15359 23.585637 5.595871
9 36.208402 27.342884 6.406864
10 36.194733 29.097264 6.170892
11 36.159803 30.870317 5.559808
12 38.283953 34.756229 2.679769
13 38.730591 36.285319 1.287354
14 38.78778 36.883445 1.13103
15 38.76735 36.881402 1.127601
16 38.730591 36.622556 0.947649
17 41.764838 37.185078 1.789579
18 41.763249 37.185526 1.788821
19 41.753309 37.187223 1.784726
20 41.761641 37.188056 1.786858
21 50.737481 39.207618 4.399487
22 55.010987 43.622361 6.04458
23 57.067828 45.764032 6.628985
24 57.073419 45.764591 6.629939
25 55.010987 42.58718 9.895431
26 50.737481 43.245316 4.150471
27 50.369282 39.953082 9.808118
28 64.372573 48.573574 8.352898
29 64.47292 48.872029 8.179495
30 64.32659 45.374495 8.238298
31 50.369282 42.378269 8.258601
32 47.178635 40.960356 8.604448
33 47.169817 39.506482 11.396519
34 47.838313 44.884227 2.063317
35 47.838313 44.962131 1.956054
36 47.824627 45.02294 1.876911
37 48.622947 45.60802 1.992454
38 47.824627 41.99578 11.304188
39 47.824627 40.571363 13.998973
40 47.824627 44.027394 3.868285
41 47.845927 44.029524 3.870381
42 47.80675 44.296017 3.139659
43 47.816219 44.944628 1.736937
44 48.017103 45.489032 1.761293
45 72.738956 49.749472 8.302544
46 72.70103 51.395448 7.921587
47 72.791229 51.657522 7.764916
48 72.738956 51.86056 7.596265
49 72.838786 53.611173 8.247951
50 72.853611 53.612655 8.251408
51 72.780025 53.605296 8.23426
52 66.089161 52.658449 7.711828
53 66.091004 53.680965 6.361375
54 66.042405 55.115943 6.189613
55 85.058999 58.820133 10.45034
56 66.042405 55.018359 6.307335
57 64.290016 55.792997 5.146926
58 60.814123 51.270347 11.563823
59 60.415022 53.393782 5.321182
60 60.905331 55.198009 4.428598
61 69.858114 59.410718 6.04436
62 69.858114 59.410718 6.04436
63 69.847302 59.462385 5.986074
64 69.858114 59.463466 5.987951
65 69.834901 59.461145 5.983924
66 69.83294 59.668193 5.783804
67 69.830931 53.342916 16.277128
68 69.817864 57.762316 5.229572
69 60.905331 53.304941 9.934282
70 60.415022 53.124538 6.265399
71 60.415022 53.334191 5.288438
72 58.248924 54.628274 2.92867
73 57.109514 49.996018 12.967409
74 57.109514 49.662681 8.889085
75 57.091207 48.239123 11.522593
76 58.73087 53.977191 3.561198
77 58.727925 53.976896 3.560805
78 58.703273 53.974431 3.557522
79 61.079688 55.230102 3.627105
80 61.076011 55.229734 3.626512
81 61.072043 55.229337 3.625872
82 58.703273 48.321798 19.022525
83 58.712746 54.01243 3.503319
84 58.739523 55.038826 2.593881
85 61.32357 56.09246 2.785726
86 58.739523 51.135757 13.304974
87 58.703273 51.078981 8.319433
88 85.321793 57.892665 9.361593
89 85.273895 57.887876 9.34756
90 85.273895 57.887876 9.34756
91 85.30035 57.890521 9.35531
92 85.261851 57.886671 9.344031
93 85.285096 58.789547 9.184666
94 85.285096 59.982223 8.705491
95 61.131886 56.799194 3.425747
96 61.135267 57.590898 1.837179
97 61.125609 57.589932 1.835317
98 61.130695 57.804063 1.628698
99 61.133045 57.804298 1.629178
100 66.762051 58.893717 3.019361
101 61.133045 57.247955 2.755816
102 58.780725 54.366238 8.991274
103 66.792274 58.27608 3.139296
104 61.066968 56.633243 4.675849
105 61.047524 56.631298 4.674009
106 87.527678 63.332347 10.139438
107 79.465179 70.73596 8.33791
108 79.462013 77.030195 2.463835
109 85.44564 78.85645 2.75921
110 86.203676 80.964778 2.948573
111 85.44564 82.747305 2.761021
112 85.454902 82.748232 2.761927
113 85.190297 80.874016 5.39413
114 85.149453 82.654186 2.741075
115 85.622106 83.864046 2.192964
116 85.630589 84.471565 1.668031
117 85.763464 85.215226 0.326711
118 87.236719 85.461048 0.660214
119 87.284594 85.577345 0.649178
120 85.93718 83.845003 4.638471
121 85.763464 84.73577 1.903409
122 85.71883 85.365798 0.273353
123 85.858722 85.523228 0.198799
124 86.40008 85.729453 0.268772
125 86.468004 85.926834 0.2251
126 87.582405 86.117059 0.531499
127 87.766111 86.46823 0.619402
128 87.910228 86.60618 0.606146
129 87.582405 86.672613 0.42599
130 87.253485 85.817259 2.282489
131 87.96115 86.710488 0.513121
132 87.253485 80.96536 16.822499
133 87.26534 86.743476 0.280101
134 87.161429 86.756411 0.195889
135 87.487055 86.909877 0.249913
136 88.471702 87.142373 0.495609
137 88.312299 87.191023 0.438932
138 88.471702 87.336382 0.428562
139 88.633227 87.385209 0.448477
140 88.55871 87.42374 0.40145
141 88.165133 87.511313 0.260064
142 88.518646 87.546664 0.353705
143 88.633227 87.644257 0.356324
144 88.498124 87.727025 0.34027
145 88.216627 87.676146 0.258132
146 88.61514 87.959616 0.339289
147 88.573937 88.179553 0.311269
148 88.833384 88.461498 0.246097
149 88.804332 88.583302 0.171701