-1.749418041065868934e+01
-6.244727099299172579e+00
-2.398152343419405241e+01
1.179922911053747825e+01
7.835731149793697448e+00
-3.906350094830344943e+01
-7.428449426442923276e+00
-1.945846334483639950e+01
4.032892512422215248e+00
-1.437197878285737040e+01
-1.075593176423843822e+01
2.630199292639996855e+00
-8.503530693777252125e+00
-6.188796173407711265e+00
-2.566771340612507046e+01
-3.081988383484685201e+01
1.911367919447205921e+01
-2.426480610483090494e+00
-2.082101991702375088e+01
7.745546889578303507e+00
6.664883428896611228e+00
1.802842615874417520e+00
3.165816437897047209e+01
5.672141544083925169e+01
1.355678693404410140e+01
2.242001566883787600e+00
-3.025594565693349836e+01
-7.148826163528487765e-02
-2.557909812427238805e+01
4.370796040005488159e+00
-6.802954360519872345e+00
1.061125694855041246e+01
-1.497333416834411146e+01
2.144215945296325998e+01
2.452118633153979488e+01
3.373941093321150220e+00
-1.673763031321397365e+00
-1.673360475595722363e+01
2.390713781005199934e+01
4.268683800375508497e+01
6.489192515952089479e+01
-2.469600546702550048e+01
2.333584128914581868e+01
-3.528342084846866067e-01
2.668540400163687210e+01
-5.997045360650870904e+00
2.011525691921362480e+01
4.199697859231996233e+00
1.610183221124202291e+01
-4.161710283183674619e+01
1.041393587267928922e+01
-1.937197276475240670e+01
1.342901307629509944e+01
2.721897311333400538e+01
3.360902175357701793e+01
5.529515237516295478e+00
-8.650600173955259820e+00
4.846174565494016484e+00
-3.669016623530110621e+01
-1.194567629336299319e+01
3.491961753498637133e+00
1.648646595863581865e+01
-1.165887539348361202e+00
-2.302482044997153920e+01
1.750492968918041115e+01
-6.230791173784037795e+00
6.624867919786572301e+00
-1.690700317687977616e+01
1.086211046238065769e+01
-1.017507385639536999e+01
-1.262914771833927396e+01
-2.249464858287336710e+01
-1.105376254178449397e-01
3.916292604448704306e+00
-1.277630601742593086e+01
-1.690740672527338262e+01
7.094465780491467477e+00
-7.548765717784575280e+00
-4.111990993768357328e+01
1.350372372409545108e+01
1.502644178221883386e+01
8.832208318594435781e+00
-2.092562067380985624e+01
4.136636443325828338e+01
-9.799506434265170540e+00
7.796568977020676527e+00
-4.046833345004422711e+00
1.324152834513773858e+00
1.017516557714870373e+01
-2.006986649895176456e+01
2.265841682770999910e+01
-9.166787187513079083e-01
-1.424451047034492923e+01
-3.434127400197795055e+01
2.512237563946240204e+00
1.171017912415365814e+01
-8.176341913791086213e+00
-4.911558586864976661e+01
-3.418921422620882566e+01
-1.111502431164686477e+01
-3.244788505661735201e+01
1.060824271682909981e+01
3.061457345031666222e+01
-4.236583647160101407e+01
-2.078976245961958114e+01
-1.721215200009031321e+01
7.328164050153589848e+00
2.934792575700860340e+01
-2.118178398441247001e+00
9.772865058606400979e+00
1.514424939395900616e+01
-1.872527219172791391e+01
-3.541599003672563128e+01
7.190066600509203099e+00
-7.017010446983449334e+00
3.870145346165980982e+01
2.315776448738078130e+01
-9.256239588589545875e+00
4.966736283290948961e+01
-2.212080604862551070e+01
1.987234631568627563e+01
4.951774372179622929e+01
-2.649994940603076188e+01
-8.628776607359382567e+00
-1.611049078342724528e+01
-1.422051579868373317e+01
5.396563793255445551e-01
2.181847484425096795e+01
1.536056695176507114e+00
-1.213191587298829077e+01
1.332121145510909166e+01
-3.270852033064909392e+01
5.380525353376986786e+00
-1.068505539886891498e+01
-2.468561525720176775e+01
-1.762706208219346493e+01
1.798020113286116128e+01
7.823191183056622533e-01
-4.939661413315301530e+01
3.419378607187738339e+01
1.110749281372492625e+00
-7.260355851201719446e+00
2.264232916551550190e+01
1.113430161717703726e+01
-1.309456425469217500e+01
-1.146145361694174447e+01
4.196793317383834321e+00
1.051484546225954908e+01
-1.162152215568873537e+01
-1.893223194806228449e+01
1.901467158961756709e+01
1.242751616282015448e+01
1.914878708815364305e+01
-2.753245246066841645e+01
-4.118669490296972491e+00
-2.049776079727874389e+01
1.958034309640947157e+01
2.116719805963125367e+00
-2.969168856483427099e+00
-1.181289367508798804e+01
1.033373167727870623e+01
2.437644846762535167e+01
-1.001662091690593392e+01
-2.809033400577310147e+01
7.382379862819709260e+00
-2.715769073757561713e+01
1.700279812374797572e+01
1.212338798606127099e+01
6.887631686518560059e+00
4.336867407168226407e+01
-1.823857970097381198e+01
-1.736587858920827543e+01
4.191506941776234285e+00
-1.845868943081860891e+01
-4.171115564926633823e+01
1.678247199085070207e+01
2.239644689138458489e+01
3.402617100704465258e+01
3.541875664610862895e+00
1.352721937027437704e+00
5.164733819271764048e+01
1.861789490869362851e+01
-1.282959397344072716e+00
-4.314136121020978720e+01
-1.463464371732314362e+01
8.837393817908399285e+00
-3.800458834833208233e+00
-1.934443558058028501e+01
3.107093117402108362e+01
2.671371542077984884e+00
-8.353743088046948984e+00
-2.915737589557610576e+01
-8.888699196784907386e+00
-2.841089412230087419e+01
5.687327145290806385e+01
-3.705455029745000850e+00
-8.153815083665651997e+00
3.256655710499536838e+01
5.878795833632553425e+00
2.316429623501762336e+01
-1.298576611942005599e+01
-1.178423011312916913e+01
9.002278234185747685e-01
-6.057122803705587089e+00
1.993606326544843554e+01
2.159508527072656747e+01
-9.118044610121984306e+00
-3.838168215854494303e+00
8.825941721161406406e+00
-5.317711536169659858e+00
1.742948063472333553e+00
-2.774476486252120111e+01
4.669526831275104684e+01
-1.947447398981124067e+00
1.095709015638954220e+01
-1.265452140371117018e+01
-1.843126782860294099e+01
-2.691173387941883988e+01
2.065858885017043178e+01
-7.614589566166834800e+00
1.012935655902985843e+01
-2.617553473059555547e+00
-4.721331455986114811e+00
-1.551465874369779918e+01
3.550543366343317242e+00
-2.168917603357096979e+01
-8.130026754658640442e+00
9.509034601730066427e+00
-3.140598134738849012e+01
-1.831134334674420572e+01
-2.662497585812012346e+00
-2.411611880313606182e+00
2.504666548359522338e+01
-6.383731138452393594e+00
-1.866926323415009037e+01
2.846759630934629826e+01
-1.466670434814461821e+01
1.426023145693437399e+01
2.486214277148672025e+01
2.878986596686771549e+01
1.431998464562960294e+01
-8.164995058576572262e+00
-3.887481138225961641e-01
1.270256684312514928e+01
1.307099506585378101e+01
-2.483022168791109863e+01
2.591880394910811347e+01
3.681451509134894828e-02
1.338470403065979220e+01
3.215518253752472688e+00
-7.261338683216117751e+00
2.714414007371950888e+01
8.887602276017840808e+00
3.247630528362224211e+00
2.790910205204351957e+00
1.085990385228020383e+00
1.466679254726581938e+01
2.744209700116958306e+00
-5.553784445471809939e-01
1.019073608537892639e+01
-2.728646402709638608e+01
2.599827300879685765e+01
-1.044729488130731987e+01
5.396576086297196184e+01
2.741666534734839189e+01
