-4.031832951137099386e+00
-1.560777095345862175e+00
-5.916020487891821666e+00
3.630808839660289777e+00
1.848474288121649822e+00
-7.887256410448280519e+00
-1.093813922887027612e+00
-5.374680078208935896e+00
-6.713786866634519068e-01
-3.653729653503196673e+00
-2.821595726167466900e+00
-3.202172723266659693e-01
-1.544864554527960010e+00
-4.618726043521363955e-01
-5.442418021112295889e+00
-6.556269051726152597e+00
4.971250718707473482e+00
-7.972787925488029614e-01
-4.449380565351426675e+00
1.852132750401725758e+00
8.531953407019150504e-01
5.394423414354153623e-01
9.035299362034898252e+00
1.502713649165287535e+01
4.135750542200765878e+00
9.967678513898619030e-01
-6.259132432233980303e+00
1.184833340539441782e+00
-5.654965316644791073e+00
1.368928890706064605e+00
-1.265071243720283789e+00
3.739525484360572527e+00
-2.837213630302173328e+00
6.049308510360398294e+00
6.634742435272213967e+00
1.063687942760614069e+00
-5.676682694351593561e-01
-3.152213439381329252e+00
3.770780166470312444e+00
1.244422013647355207e+01
1.624351822774202603e+01
-5.324696130819768669e+00
6.262177363851580303e+00
2.096990803534547199e-01
5.587180918726724066e+00
-9.315933336035699952e-01
3.735039809937584998e+00
1.267769480712003238e+00
4.147453908429636016e+00
-1.090789444733589875e+01
1.083019908902937312e+00
-3.523925280374534452e+00
3.442623808317267109e+00
6.472745408686406243e+00
7.935125724979785744e+00
2.463150108163796315e+00
-2.221638465964319575e+00
2.222583463718581065e+00
-9.818784198557604981e+00
-3.589865318795491866e+00
1.341262606517674427e-01
4.211993965628117564e+00
-7.934709284818424191e-01
-6.284472093550096616e+00
2.261779624411781597e+00
-2.883978823583059459e+00
2.147688728235602529e+00
-5.595235339359243554e+00
2.147977491565067787e+00
-2.129564387573860351e+00
-2.973278061524334603e+00
-6.122640645363084388e+00
-1.207567332907263369e+00
2.127905789191212982e+00
-3.593653805716095384e+00
-4.001053386288204727e+00
2.173399265466659624e+00
-1.822038246575575782e+00
-9.097051034092503485e+00
3.511554351726611234e+00
4.144875913856761684e+00
2.674688359352908051e+00
-5.281020001219398630e+00
1.156248943298638565e+01
-2.162921273614222706e+00
2.315013335177395160e+00
-9.113596026281914897e-01
4.495409518545666616e-01
2.642970720416723651e+00
-5.971637771699304764e+00
3.673501262084957197e+00
5.654078312581163335e-01
-4.922404334206142096e+00
-8.889736731708413942e+00
1.375260157139834849e+00
2.050579011405694096e+00
-2.473494458046493705e+00
-1.030353451481363969e+01
-8.875869411248100249e+00
-1.709010105168737859e-01
-8.260189476831103050e+00
2.802746853923251180e+00
7.918217255854704817e+00
-1.246640350146987331e+01
-4.683151705108332230e+00
-3.586667519873703469e+00
1.623771852445377251e+00
7.316421197163080592e+00
1.080046842004105390e+00
2.461247766781041957e+00
3.024543052887733730e+00
-4.686915037005424445e+00
-9.020443448287831956e+00
2.959679070346338481e+00
-2.935433063226102757e+00
9.284652762609013621e+00
6.035500107714913298e+00
-1.373504006092141072e+00
1.358028894672649578e+01
-4.400968107499139137e+00
3.185587606791144388e+00
1.243625242591826208e+01
-5.533849522454313608e+00
-1.441356384096661447e+00
-2.778834224714893608e+00
-2.516464686163331965e+00
1.926294071314794465e+00
5.173908279159814327e+00
1.617786582833830700e+00
-2.795161700981670272e+00
3.182543470048361467e+00
-9.051925954465746216e+00
5.373271993998738338e-01
-1.655689461105797289e+00
-7.732613322455376803e+00
-4.928019603767051393e+00
4.030194029746509088e+00
-8.842777530743537451e-01
-1.265055199162834398e+01
8.469218418206448717e+00
-8.771955118888825897e-02
-1.362166519717230795e+00
5.919833518885836199e+00
3.238210348846221720e+00
-1.904880979138150243e+00
-3.297901038438586951e+00
1.249000388368520120e+00
5.426766219773033750e-01
-3.077565432807848111e+00
-3.424161641992040206e+00
3.814920659076220577e+00
1.610756586805722090e+00
4.863907908065856489e+00
-6.673674091981256495e+00
1.629633542763256615e-01
-4.573396958175409033e+00
3.229028654938280951e+00
4.770467749233444632e-01
-1.098852759328207584e+00
-1.088554885268205652e+00
2.487085575652599800e+00
6.313831492172129245e+00
-1.480611003586599139e+00
-7.785048429445367013e+00
1.407613510882854024e+00
-7.330489285541106348e+00
5.691514119442152797e+00
3.023464170714843302e+00
2.432690548272633535e+00
1.024113777779734491e+01
-4.884409139006622880e+00
-3.328156902579378240e+00
1.504161125941856803e+00
-3.365011281686775213e+00
-9.649090746094039162e+00
6.280840203909560771e+00
3.781234581077006496e+00
9.083791599893531910e+00
6.157507618996511667e-01
-7.473613806332323195e-01
1.322463970609370421e+01
6.816295105121366049e+00
-3.362319492305688717e-01
-1.160857454042682946e+01
-4.139557942047066952e+00
2.771442014352413441e+00
-5.672033695381810681e-01
-5.656727425406129939e+00
8.464581836232191847e+00
4.438882038366843696e-01
-2.442015629110745323e+00
-6.831170727814059873e+00
-2.037388236227576144e+00
-6.959519223733110493e+00
1.347448386433594791e+01
-1.341096302170166288e+00
-2.499926963779560474e+00
9.316198151906514013e+00
1.627454568379750111e+00
6.547030884689837293e+00
-3.247306985290372872e+00
-3.950609491361027903e+00
2.198202483245325745e+00
-1.369594154070333136e+00
5.715480063344278605e+00
5.370278225924786319e+00
-1.906800430341267116e+00
-1.421351806136941676e+00
1.799652164299087254e+00
-1.972302503698194265e+00
1.071933340185078132e+00
-6.083892539680856970e+00
1.192344718164690853e+01
-5.192753054575584282e-02
5.135175142930193948e-01
-2.484113754771259064e+00
-6.420626145708000720e+00
-5.986471512100199455e+00
5.435944356795101129e+00
-1.864346478357147063e+00
2.824482491377746207e+00
-3.353563520718358948e+00
-2.381776980422158019e+00
-4.196534069804560119e+00
7.832000620968215809e-01
-4.993476978321863768e+00
-2.258961847554654234e+00
1.652533326907069222e+00
-7.409999994644707044e+00
-3.208693330301963798e+00
6.549534065786255521e-01
-6.691551126746368983e-01
6.188363526033295869e+00
-1.224785023821358898e+00
-5.651612491002996563e+00
6.593025081017328759e+00
-3.974438471995700439e+00
2.586805991862958898e+00
6.346369812851442305e+00
6.726973951551327602e+00
4.150731739458748848e+00
-2.141409965538229709e+00
-3.928312921766278221e-01
1.857442850818391777e+00
3.082848972594375514e+00
-5.248340463486946383e+00
5.820736762960855515e+00
-1.436203588479000037e-01
2.784087489398675785e+00
-8.316675991373833066e-01
-1.404147902161161365e+00
6.224856835587887716e+00
2.679289114452664489e+00
6.614685581405559400e-01
-1.456619725080833483e+00
1.719098900347420245e-01
3.151149827617980570e+00
1.804221451529485654e+00
-5.855351643573076803e-01
3.571777844434673721e+00
-6.548365371999521400e+00
6.829624363395389253e+00
-4.149418740901111846e+00
1.337565718106138135e+01
7.101673707055905282e+00
