

gen best mean std best_sol
0 4.875673 -4.013231 3.206173
1 4.875673 -3.911706 3.15828
2 7.728384 0.573319 5.266826
3 7.728384 3.190549 3.923223
4 10.601813 4.681677 3.668987
5 10.601813 6.837002 2.562159
6 10.818903 8.248683 1.775286
7 10.818903 9.178658 1.579222
8 19.580709 10.788071 3.141559
9 20.332831 13.30896 4.456755
10 20.332831 11.630534 5.632759
11 20.332831 12.358034 4.165584
12 23.674889 14.167246 4.739672
13 23.674889 15.704257 4.166899
14 23.674889 16.724186 3.423597
15 23.674889 17.522525 2.615771
16 23.674889 17.525174 2.613959
17 23.674889 17.651579 2.539229
18 24.677826 19.026454 3.101858
19 24.677826 20.013862 3.207007
20 24.677826 20.108231 3.104035
21 24.674143 19.215357 2.941071
22 23.674889 16.113608 8.116321
23 20.569107 15.632072 7.246112
24 20.332831 17.454206 1.275644
25 19.580709 16.039047 3.391742
26 16.986918 14.478161 6.701606
27 21.01708 17.142691 1.341135
28 21.01708 17.529674 1.446645
29 31.304181 21.0954 5.161732
30 31.304181 21.97463 5.117444
31 31.304181 22.694799 4.849594
32 31.304181 23.148093 4.490927

gen best mean std best_sol
32 31.304181 23.148093 4.490927
33 27.157524 22.062188 3.614921
34 27.157524 18.778938 8.753668
35 25.672278 15.873199 10.199373
36 24.082058 13.402966 10.524305
37 21.492585 11.633484 10.017937
38 21.01708 13.928503 6.208302
39 20.445131 12.535085 7.755486
40 19.651138 11.202586 7.413971
41 18.909346 12.485765 7.281883
42 18.909346 15.867124 3.646002
43 18.911895 17.108866 1.973275
44 21.588075 18.299659 1.516171
45 21.588075 18.481112 1.380898
46 21.588075 19.354701 1.378311
47 21.103539 17.229664 6.516743
48 21.103539 19.466409 0.952556
49 21.103539 19.466409 0.952556
50 21.103539 19.466409 0.952556
51 21.103539 16.695744 7.805433
52 20.241354 15.345406 7.970684
53 19.450723 15.730877 7.351117
54 18.911895 14.308109 7.987622
55 18.909346 13.535056 8.222799
56 18.909346 15.59315 4.449593
57 18.909346 14.836422 4.286419
58 18.908854 13.122036 7.181344
59 18.802297 13.73238 6.883328
60 18.890542 17.154009 1.394981
61 18.890542 17.649232 1.089622
62 22.276018 18.905619 1.815758
63 23.466533 20.706037 1.895409
64 24.25046 21.485464 1.842352
65 28.568009 22.462035 2.595549
66 28.568009 22.94033 2.198493
67 28.568009 23.36986 1.875582
68 28.568009 23.36986 1.875582
69 28.568009 23.3726 1.873043
70 30.168223 24.555209 2.607278
71 30.168223 25.777868 2.546269
72 30.168223 26.238523 2.360469
73 30.168223 26.238523 2.360469
74 30.168223 26.238523 2.360469
75 29.4645 26.08317 2.124164
76 28.568009 25.968381 1.758651
77 28.559895 24.942662 2.688638
78 27.321928 25.038223 1.486082
79 27.321928 24.278005 1.986593
80 25.634192 24.346682 0.978654
81 25.581509 23.877223 1.660303
82 25.46782 22.799333 3.246729
83 24.488619 21.489874 6.746647
84 24.46334 23.638595 0.69482
85 25.855448 24.157383 0.620366
86 25.855448 24.157383 0.620366
87 25.855448 24.157383 0.620366
88 25.855448 24.434599 0.620813
89 25.855448 24.505437 0.590396
90 25.855448 24.505437 0.590396
91 25.855448 24.505437 0.590396
92 24.994784 23.869609 1.506754
93 25.051318 24.425024 0.435484
94 29.210691 24.960514 1.46995
95 29.210691 25.060735 1.418836
96 30.270581 25.684636 2.057225
97 30.270581 26.684627 2.282276
98 30.270581 27.411813 2.063337
99 29.43472 27.743929 2.00452
100 29.43472 27.940759 1.634063
101 29.437645 29.110071 0.491462
102 29.437645 29.264541 0.277037
103 29.437645 29.264541 0.277037
104 29.437645 29.410415 0.066679
105 29.437645 28.316536 3.273226
106 29.437645 28.95102 1.3707
107 30.493734 29.616461 0.36912
108 30.190481 29.584127 0.246901
109 30.493514 29.803369 0.361937
110 30.493514 29.840599 0.340942
111 30.191009 29.847195 0.203395
112 30.190481 29.810961 0.168721
113 30.493654 29.986334 0.277193
114 30.493654 29.986783 0.276911
115 30.493654 29.987027 0.276758
116 30.493452 29.439124 1.491044
117 30.190481 28.731549 2.344457
118 29.814454 27.703435 5.641825
119 30.493447 29.862317 0.217789
120 30.493447 29.881173 0.204092
121 30.493739 30.017566 0.311553
122 30.493739 30.085638 0.333003
123 30.493739 30.085638 0.333003
124 30.493527 29.198889 2.770155
125 30.493632 30.289592 0.311042
126 30.493632 30.425385 0.203631
127 30.493559 30.425207 0.204115
128 30.493926 30.493509 0.000157
129 30.493926 30.493596 0.000162
130 30.493926 30.493668 0.000161
131 30.493926 30.420972 0.218197
132 30.495423 30.493981 0.000488
133 30.493927 29.74737 2.239513
134 30.495508 30.494038 0.000493
135 30.493927 30.421787 0.216263
136 30.493926 30.421147 0.218082
137 30.497046 30.494674 0.00128
138 30.497046 30.494854 0.001257
139 30.497046 28.671974 5.467942
140 30.497046 30.494547 0.00104
141 30.497046 30.494547 0.00104
142 30.495496 30.005802 1.465418
143 30.495496 30.494078 0.000473
144 30.493927 30.423224 0.212107
145 30.495548 30.494089 0.000486
146 30.495548 30.494251 0.000648
147 30.495548 30.494413 0.000743
148 30.495548 30.494575 0.000794
149 30.495548 30.494899 0.000794
