8.820074702076095008e-01
-1.165346004359196286e+01
5.869976300322903739e+00
-2.644128672190337426e+00
7.599504611711480173e+00
-2.429039466071819753e+00
2.541500158773595697e+00
7.060735123992887274e+00
1.498990675298480735e+00
-3.752382187425968851e+00
-6.372801704485383745e+00
3.588061753593640102e+00
2.887825024811985664e+00
-6.923506628215093661e-01
-4.080225745151669692e+00
4.080066669253654688e+00
4.342124088528697357e+00
9.130058654645164751e+00
2.368345030523756112e+00
4.612010125995848142e+00
8.464609731408883064e+00
-2.116344909764963145e+00
2.550138444755994716e+00
7.947118049461145972e-01
9.129070962044151472e+00
-4.681462643680794677e+00
-7.575345375273458970e+00
3.298868414595911958e+00
2.979976775023156943e+00
4.972713417232971445e+00
-2.214409825835614853e+00
-2.114227938099638493e+00
1.110610538311226847e+01
-2.563325160115142776e+00
8.517479848568985545e+00
-3.690699572902947700e+00
3.148531834387872763e+00
6.165235574249890327e+00
-8.435014014509206959e+00
4.915959139719080717e+00
-2.588899375642407907e+00
-3.604125066424344492e+00
-5.228233646309384808e-01
-5.171439051686905763e+00
4.375973534931370534e-01
4.698732211987239893e+00
-1.918222270825669096e+00
-9.050659585762457215e-01
7.543361258180079965e+00
2.642844882158780440e+00
6.618286839609230476e+00
-2.346103856063895154e+00
-3.178303816001899929e+00
-1.597910832891219046e+00
-6.758556751985103084e-01
-7.605560562695943716e+00
2.335439348893281863e+00
-3.475948173150638532e+00
-9.709587766436824197e+00
-6.529193677022397502e+00
1.041860730576128269e+01
-2.741219316391828809e+00
-3.197592602730368050e+00
9.540569401223496226e-02
3.196996441209141615e+00
4.324007612718697935e+00
-8.376620536585015486e+00
-5.220762017402310384e+00
-1.690535524072703244e-01
-1.143685538366131382e+01
6.805225893016263683e+00
2.249614605021736935e+00
3.944011689307408641e+00
2.871416524227931255e+00
3.863074884105696771e+00
-4.726936543723603279e-01
-4.017852276151146818e+00
8.002086864301949376e+00
-1.137095380996387206e+01
8.537659906372441210e-01
-2.328731618588671282e+00
3.532789435140287537e+00
-8.871679963288960913e-01
-2.421872735322141867e+00
-2.314094828848516805e+00
2.446971171543777412e+00
-2.901235015602187772e+00
-2.331330024890561514e+00
-4.016926484171733591e+00
2.522085410792473059e+00
7.745928976358169571e-01
2.920083156489228227e+00
1.382829117958939413e+01
-1.053616965790085125e+01
4.055953889765828158e-01
3.881273884006508634e-01
5.673976171191603690e+00
6.708079589631369188e+00
4.995404921273125964e+00
5.022436554319591018e+00
-1.603429023238141404e+00
1.397296146799968142e+01
-1.178812288443193967e+00
2.483792228395281132e+00
-9.928933972071893876e+00
4.528112059487805041e+00
2.492088287624379728e+00
-1.045840534910946928e+01
-5.087562029014150333e+00
1.359722917438661405e+01
9.094493295009753453e+00
-6.310415943388406390e+00
-6.452185721240797811e+00
4.766459916225172400e+00
-6.321637829801848518e+00
-5.356349032841961844e+00
-4.749214798004903315e+00
-1.498414984240912240e+00
-1.718827629594768869e+00
-1.335168738739875671e+01
-4.136018586856686774e+00
1.984077159594411555e+00
3.564275413360497025e-01
4.118176126427663064e+00
6.750223626947092548e+00
4.107067428908587892e-01
2.471156124096589135e+00
1.085905357945867422e+01
-7.879611925900748659e+00
1.405248736327571280e+01
6.548662610585170185e+00
-8.912739312323310348e-02
-5.013346871636713331e+00
-5.266982292054449566e+00
7.588369208422117929e+00
-1.876293667049787839e+00
9.891768742208920662e-01
2.977317896448172796e+00
4.100709161863561825e+00
-3.052218562181526540e+00
-2.067284423737208443e-01
-3.154244249959679891e+00
1.021170739852486697e+01
1.870019810259091919e+00
-3.524075834784747840e+00
-1.024371774085872566e+01
-1.983708517512338343e+00
8.597335576401986756e+00
2.371486942937009457e-01
-1.227589424673863938e+01
1.070944294321816059e+01
5.777882997549216526e+00
3.454356184925595041e+00
1.344548673925185689e+01
-3.840960173278643808e+00
3.646517404593392353e+00
1.062764024370555838e+01
-5.199672964652599205e+00
6.276445779946331349e+00
-1.335137271937592196e+01
2.984155906269277736e+00
8.575928161127995830e-01
-3.477151154125186494e+00
-3.181586438355470392e-01
-1.328267655384105161e+01
8.181856809649097784e+00
-2.159029553729209017e+00
-6.614135895119766850e+00
6.041611648646344257e+00
8.828061301452009957e+00
-1.649768906938032353e+00
-5.754033953005818880e+00
6.201425594439072597e+00
1.127899221828335685e+00
-1.060236819732951474e+00
1.713168538736224544e+00
-9.696947422322625965e-01
9.504868835055173548e+00
2.718814414035470417e+00
2.598804662893382300e+00
-7.853451764495008369e+00
-2.719014021628281610e-02
-1.343358051432549827e+00
-5.343190822588061550e+00
-9.271925690941644760e+00
-3.217373531127108333e+00
9.183696754631663239e+00
7.527731293588388439e+00
1.830341979919728024e+00
4.738070480506479498e+00
1.637375518335659974e+00
-4.665190424837626360e+00
-3.220386721170577449e+00
3.183316820267020564e+00
2.383471922538790366e+00
5.873597662891969939e+00
3.587612233257048810e+00
9.094959614752012200e+00
1.303439014006403163e+00
3.465210844774099908e+00
4.716089188198807847e+00
3.426418394294399317e+00
1.320070159499926232e+00
-6.343834392303366876e+00
-5.026686265594162428e+00
5.736655617232915283e+00
5.864028378414195330e+00
-5.352553076489501294e+00
1.999566440998461037e+00
-6.630505759216723805e-01
-1.608951300230929249e+01
6.379957467735772880e+00
1.537845863852159045e+00
-2.629721329627139892e-01
5.107281853838230301e-01
-2.365131567359072928e+00
2.361283069271241430e+00
8.151124646279954700e-01
5.252951706837902357e+00
-1.926841243139291837e+00
1.596339989292471984e+01
2.896779095759003386e+00
-6.805866298377515555e+00
-4.518637336089792456e+00
-3.815997941838719099e-01
3.751975239288033670e+00
-3.128723680092270865e+00
1.407992085966985130e+01
3.800241972498052068e+00
8.299737355550577789e+00
-1.116442516802351514e+00
2.447468799928702587e+00
1.936688414308131989e+00
-4.421295492237967473e+00
3.042503021620543979e+00
1.756848174931759710e+00
-7.230084923179601830e+00
2.021971979980360601e+00
-4.129091605722701175e+00
1.514291395792011219e+00
-5.981578918815436907e+00
-6.973899025642665839e-01
-4.994749472923778022e+00
-1.541568438733232682e+00
-7.449422137380726561e+00
1.121676987245669821e+01
-1.857842498351144123e+00
-2.944276008056801341e+00
-2.424051495726093464e+00
8.513532820458689088e+00
-3.260581425883775086e+00
-5.301584827509729259e+00
1.087546538308171717e+00
1.986319370116332861e+00
-5.088773043298536969e+00
4.148085554065378489e+00
-4.238403710383854772e+00
-9.150276315470451394e+00
-1.159125244196843951e+01
2.215633377752053601e+00
-2.400379282153720872e+00
3.629611322344964197e+00
9.548005423373641110e-01
-3.091315916588620816e+00
1.737198154730790867e+00
