1.283083023456620841e+00
-6.555795125728603345e+00
4.854309284399442426e+00
-8.212153507717396828e-01
4.537386607627730939e+00
-1.297405080233559493e+00
1.132474768466366744e+00
2.649935078997853299e+00
-1.813098506713680003e+00
-4.295573832840827500e+00
-4.678207594455009222e+00
2.346399977999857445e+00
1.497693018868782922e+00
-1.346870765452783392e+00
-3.212114795784136945e+00
4.362557537422874887e+00
2.125658549929422048e+00
4.537310424601912473e+00
3.274855913876248970e-01
3.734150340664292855e+00
2.072070232662257538e+00
-6.683531105540777006e-02
-2.426925826050513324e-02
-3.625197345337423382e-02
3.324741969134542785e+00
-2.761717399873504064e+00
-1.019636366999885357e+00
1.985533868679868252e+00
2.590281405422164340e+00
1.653962529140364790e+00
1.421921231001628261e+00
-5.632598407534742391e-01
6.627188905036056177e+00
-3.207883357353493725e+00
4.632204409280151758e+00
-1.356647411604010367e+00
2.611258958730394930e+00
3.325280408277287325e+00
-8.244707444641331762e+00
2.973569681950863242e+00
-3.102762785582619642e+00
-3.866949320546281932e+00
-2.627894446423297281e-01
-2.349547086163190635e+00
-5.654664705715458650e-01
3.431431965406875229e+00
-4.192962661129386426e+00
2.163351093149402105e-01
3.821861633598045760e+00
1.743182285533468434e+00
5.661409068613743933e+00
-2.500939745599799924e+00
-5.116635939896573504e+00
-1.114439967793757980e+00
-2.008751735395298610e+00
-4.621103772930895914e+00
7.166691895219521324e-01
-6.082211322569383016e-01
-7.927111603039364240e+00
-5.031422000614787393e+00
8.499531046716942484e+00
-2.082903105770296470e+00
-1.196253083190432998e+00
1.701551447572685893e-01
-1.337900240758356230e-01
4.366001634807472165e+00
-5.523227318945120423e+00
-2.747251437277894226e+00
-1.771125627496578314e+00
-6.856957891678844952e+00
4.051369714102921904e+00
9.007093223288531458e-01
9.003595459690767466e-01
2.609623509709074973e+00
2.965664649183076484e+00
-1.338656447636673574e+00
-3.801080527012258070e+00
4.483008130823940007e+00
-7.726466677246343728e+00
5.143282067630607912e-01
-1.444162980040703814e-01
3.125922720490680540e+00
-2.113544186779913403e+00
-3.083623202785904738e+00
-2.014203820704702164e+00
2.426114674938008253e+00
3.545002800674839083e-01
-2.239346753047485095e+00
-2.723709544037362651e+00
1.650619527908209871e+00
8.215727401333692281e-01
1.928350158211976417e+00
9.292037636621403252e+00
-7.902888252985576401e+00
1.489576779118321870e+00
-9.054911839092608106e-02
5.070951386381760351e+00
5.129520108727862571e+00
4.165326781064452533e+00
2.725279032216078257e+00
-1.038369320111741212e+00
9.808763049015732705e+00
-1.880424217175915347e+00
1.240433851490632566e+00
-4.646237565684526949e+00
3.101263635337684565e+00
9.621337035775869850e-01
-9.305366656008287052e+00
-2.729312573197304914e+00
9.966160217944965538e+00
7.060487285822821590e+00
-2.846310482788754648e+00
-3.215424001527021680e+00
2.337962972004096418e+00
-3.970744404869826383e+00
-2.657818981813302450e+00
-4.325063036017914087e+00
-2.856147054873700242e+00
-2.262648307459000030e+00
-1.020228626506552772e+01
-3.397755232676814785e+00
1.570896727370538759e+00
4.400384752598178462e-02
2.403854739258805218e+00
3.461308802735305168e+00
-3.759086302373429445e-01
1.464402852671269351e+00
6.356287894869045552e+00
-5.225453905664095622e+00
9.036511447191367452e+00
5.445086511263734330e+00
6.801290727104865041e-01
-4.064914569999306337e+00
-4.576481292763276087e+00
4.224114648485094214e+00
-1.650467577748604864e+00
8.829653365045597724e-01
7.828432366423935251e-01
3.806494222575596886e+00
-2.728081796264747449e+00
7.128534853156804907e-01
-3.427959528744595197e+00
6.165725098890994182e+00
2.452325176204241508e+00
-1.937750519405296024e-01
-8.666536865022655078e+00
-1.277286633744292521e+00
5.700857560857944151e+00
6.172515659329926851e-01
-7.606181251730090409e+00
7.880783865292330326e+00
1.702830478491051514e+00
1.046714856676292271e+00
8.539548803785550035e+00
-1.229363391434084685e+00
3.381737052559645740e+00
6.884108756383787053e+00
-1.566847425530250026e+00
3.371502173777923161e+00
-7.236175643082821907e+00
2.537573348460085976e-01
4.743856734019731292e-01
-3.261098931296900982e+00
1.220728845708160648e+00
-9.183753636337797843e+00
6.091092039741075936e+00
-2.206836220358097123e+00
-4.875879730130010969e+00
3.654003064194089045e+00
6.066328463878583932e+00
8.685373298552954147e-01
-3.290394958215481225e+00
6.363318361838710580e+00
-1.453263641778236859e-01
1.838643818005649688e+00
1.908096604361441351e+00
-1.183239404170030262e+00
4.217423782343932004e+00
2.697829633507850211e+00
3.326494869935134324e-02
-6.496713934689072545e+00
-1.383256940715780203e+00
7.046778779717013386e-01
-3.799138998012967505e+00
-5.942574327341032969e+00
-7.291591140070786681e-01
5.981413106459012141e+00
4.367924993775719855e+00
-1.014460254103194181e+00
5.817503198995088276e+00
2.197513227537849723e+00
-2.555344997391862272e+00
-2.899550294455267352e+00
4.887768000358898135e+00
1.028349623645155031e+00
5.532483095800450279e+00
2.525077830842639148e+00
6.253435662200244494e+00
1.582398895360532132e+00
3.123835375157904437e+00
1.760111457872446383e+00
2.378461986917127735e+00
5.092686093125993185e-01
-3.035347865572573856e+00
-1.457401877914322075e+00
2.472841102525654033e+00
2.224330834269867552e+00
-5.287144937791204313e+00
-4.786458819217792038e-01
-3.160292783443544806e+00
-1.034725453348080393e+01
4.263636116100959050e+00
4.459986450134477143e-01
3.722515148895719772e-01
8.628478050690675527e-01
-2.674716158932604948e+00
2.509606781790469920e+00
1.474892071776160662e+00
5.280160810126940163e+00
-1.339924207911816767e+00
9.943270876860726304e+00
4.611805449833500936e-01
-3.807735948093204037e+00
-3.173385885269857098e+00
-1.468657321828471751e+00
2.146988166343508198e+00
-2.931350989029401610e+00
6.507917217385076114e+00
6.131397479550165786e-01
5.021283477342540991e+00
-3.181801743099596513e-01
1.880179922339520582e+00
2.000991987531125726e+00
-3.252612028568311331e+00
2.824870058065291456e+00
2.580019608775671713e+00
-3.072139389493003137e+00
-1.366530546988283801e+00
-2.142642610749676102e+00
7.413148704806875600e-01
-5.897916088493373010e+00
-4.790335687971453149e-01
-4.320687853361800279e+00
-5.988778101569094403e-01
-4.693437924854904963e+00
8.167731614726884359e+00
-1.532224429550175682e+00
-1.122294219797386639e+00
-2.088826876468188765e+00
5.230103868765064945e+00
-1.286645306455945104e+00
-3.344001119883784234e+00
-1.280626565572463127e+00
6.549479405312814695e-01
-2.676586576114109661e+00
3.071248434836740593e+00
-2.609831979935949509e+00
-3.194243229650300719e+00
-7.259204143715781044e+00
-2.101215116955499618e-01
-2.734885125371739889e+00
2.942812459692175420e+00
1.840649901637792185e+00
-8.611533238064084106e-01
1.849898618427724850e+00
