

gen best mean std best_sol
0 7.093768 -1.883288 5.443117
1 11.601537 3.069933 5.360702
2 15.484108 6.927054 3.944777
3 11.601537 5.010621 4.385731
4 24.933783 8.102605 6.105313
5 20.637993 11.247286 4.733269
6 16.786493 13.243266 3.084954
7 40.617744 17.772787 8.00352
8 24.509158 17.466701 3.200722
9 37.622481 19.425038 6.290121
10 37.622481 20.254138 6.277792
11 37.631732 21.533823 6.513567
12 29.930167 21.974816 5.007752
13 34.103711 22.392171 5.769371
14 28.454893 21.506943 4.427588
15 29.299465 22.790258 4.635535
16 29.193031 20.831573 9.748053
17 29.222275 25.366056 3.207446
18 29.193031 25.112444 2.61532
19 52.484267 33.121599 9.343045
20 52.479792 34.672178 9.045681
21 52.484646 34.764894 8.951576
22 52.484169 34.764846 8.951481
23 44.827712 29.068082 13.303232
24 51.490983 34.772088 8.653566
25 58.35494 38.616553 10.075152
26 51.490983 37.603133 9.383005
27 51.53536 41.338128 5.558709
28 51.48092 45.233335 3.249959
29 64.462561 48.851012 5.945745
30 64.459677 48.94712 5.857265
31 64.409145 48.942067 5.843886
32 51.48092 48.190561 2.640449
33 51.455233 42.477584 16.372022
34 56.19704 49.44031 3.207457
35 51.792061 46.814436 9.194298
36 51.857248 50.257992 0.812529
37 54.706869 50.81364 1.485944
38 52.719966 50.076738 2.27172
39 61.119504 54.774956 4.280789
40 61.119103 49.954927 16.285438
41 61.128604 56.006827 4.095482
42 61.280202 56.021987 4.114648
43 61.156805 56.638207 3.729882
44 61.363133 58.219523 2.911616
45 61.386435 58.981179 2.307799
46 61.359233 59.430543 2.088288
47 61.299343 59.42548 2.081258
48 67.410423 60.99553 2.425412
49 67.39612 61.410632 2.034087
50 67.355687 62.274022 2.489504
51 67.410423 62.279495 2.500706
52 67.083772 59.29167 7.637028
53 61.299343 56.160035 14.8037
54 70.003826 62.025496 2.661914
55 61.299343 54.060833 21.234854
56 61.26537 58.185916 6.851834
57 61.238027 56.889238 8.166497
58 61.212222 58.370544 3.656249
59 61.156805 52.07979 19.635604
60 61.119103 52.486879 18.12915
61 61.198171 58.739326 2.752424
62 61.119103 56.251045 7.191696
63 61.036688 51.797349 19.631412
64 60.979278 54.470667 9.768761
65 66.095881 59.592922 3.832756
66 66.080537 57.130536 6.766629
67 66.083208 58.77104 3.127633
68 66.094873 58.963882 2.958183
69 61.346673 57.611546 3.926974
70 61.097845 58.383979 2.08207
71 61.310899 59.001786 1.937271
72 61.205253 58.991222 1.924898
73 61.395781 60.243287 1.599108
74 61.359122 61.137839 0.108454
75 61.281692 61.182052 0.063548
76 66.9558 62.375175 2.25571
77 66.93657 62.417747 2.229584
78 67.449448 63.657803 2.842538
79 67.331192 64.238581 2.895551
80 67.331192 64.835132 2.845255
81 67.330805 64.834131 2.844378
82 67.321177 64.233371 2.887714
83 67.412089 64.880986 2.805717
84 67.455599 66.09614 2.276932
85 67.412089 67.240937 0.190552
86 67.46661 67.325022 0.065164
87 67.475143 67.384675 0.065364
88 67.475143 67.407008 0.048454
89 67.475143 67.414105 0.058257
90 67.473563 65.956166 4.428288
91 67.473563 67.424459 0.054664
92 67.471782 67.45045 0.013126
93 67.500161 67.461048 0.016976
94 67.487659 67.461657 0.012439
95 67.487659 67.459407 0.017145
96 67.495172 67.467095 0.013964
97 67.495172 67.46175 0.025053
98 67.495172 67.453805 0.047125
99 67.487659 67.456436 0.023954
100 67.798987 67.497089 0.101223
101 67.926568 67.509847 0.139335
102 68.049993 67.535405 0.175075
103 67.755066 67.505912 0.090147
104 67.859787 67.516384 0.119716
105 67.578958 66.332004 3.438852
106 67.487659 65.004721 7.355661
107 67.471782 64.976171 7.346182
108 67.47135 64.935285 7.436388
109 67.543054 67.4362 0.064712
110 67.543054 67.4362 0.064712
111 67.801104 67.486851 0.113721
112 67.943972 67.519999 0.148902
113 68.013474 67.526949 0.168819
114 67.563069 67.462812 0.055797
115 67.552781 67.461784 0.054005
116 67.543054 67.450673 0.04225
117 67.52974 67.430803 0.113178
118 67.590829 67.47974 0.046131
119 67.52974 67.462168 0.031669
120 67.512002 67.460395 0.028134
121 67.493884 67.45198 0.02367
122 67.47135 66.837387 1.829913
123 67.46661 62.974836 11.520627
124 67.460199 64.922819 5.812205
125 67.82533 66.873092 1.833069
126 67.992221 67.533824 0.191806
127 67.863566 67.53865 0.155178
128 67.843905 67.579807 0.15894
129 67.997977 67.660183 0.17878
130 67.843905 67.629352 0.16433
131 68.044067 67.798867 0.162459
132 67.984988 67.817306 0.122973
133 67.97904 66.90943 2.686382
134 67.893709 65.374164 7.315718
135 67.893709 67.843401 0.039279
136 67.889542 67.847225 0.029539
137 67.917508 67.865829 0.02791
138 67.917508 67.866477 0.027024
139 67.917508 67.854043 0.054623
140 67.889542 65.790682 6.220719
141 67.885706 67.851339 0.041598
142 67.885706 67.854257 0.033934
143 67.883011 67.831835 0.065314
144 67.879346 67.822489 0.062134
145 67.879346 67.839317 0.036402
146 67.875282 67.15873 2.028699
147 67.957649 67.847147 0.050039
148 67.985657 67.868893 0.057672
149 67.957649 67.848718 0.060793