5.061522574299221588e+00
5.603896776587559359e+00
-3.947514252750445429e+00
6.946800757230630730e+00
-6.282372469328081799e+00
6.321912454844086149e+00
2.776342938574951624e-01
-7.961529020618620223e+00
4.918683877450366615e-01
5.191444432249316954e-01
6.934979469148762732e+00
-9.171913343510670558e+00
3.761052679348471095e+00
5.017037769643076572e+00
4.522304281109205348e+00
-8.438385675392177987e+00
-2.150084823461745565e+00
1.392121186595951077e+00
1.773228553036570121e+00
5.686482580660261021e+00
-4.208393704605273289e-01
-6.312765098990272827e-01
-4.414367570137886609e+00
4.104910355518233800e+00
-1.880248288221716191e+00
7.951498598092637815e-01
5.596096268619776826e-01
-9.242863133059586733e-01
1.102265907744308038e+01
7.393280616414850570e+00
9.929224824234406110e-01
-1.762462380087307601e+00
1.769194119869124560e+00
3.809288506227699322e-01
-9.754888378965380635e-01
6.796002047639192467e-01
-4.356217547653076672e+00
-4.481847390372502460e+00
-5.911855640866743755e+00
4.858612927378215263e-01
4.209500685925124941e+00
-1.774056562644317880e+00
-1.719333719164553020e+00
-5.000992644351496708e+00
9.223135598919395051e+00
5.917444905800297583e-01
5.042854107307324085e+00
-2.277782816518005848e+00
-5.106402150248747773e+00
-3.036292946798786030e+00
-6.119789144133823022e+00
5.489317977518524572e+00
-2.305616004862294233e+00
-4.768111481367089954e-01
-3.750617284099601711e+00
1.846769112694865989e+00
-2.050404118664378994e-01
1.429697505043368233e+00
-1.773031050952258658e+00
-2.427489749376761985e+00
1.486427157911935915e+00
5.899211058580631217e+00
-4.690344820171472584e-01
-6.404155788523411275e+00
-3.427014329327559672e+00
9.326533001204195816e-01
5.615419546869043543e+00
-2.957772980343932989e+00
-1.401388723407990256e+00
-7.710761170191492653e+00
-1.475464605227773118e+00
-2.048102141966651191e-01
-1.322576333473568955e+00
-5.515992138331420769e+00
-1.579181017667544484e+00
-9.942465920582395089e-01
-1.443965903289610164e+00
3.365139032342525649e+00
-3.735133378617076172e+00
-3.316960119817205843e+00
3.177294731065180677e+00
-3.226543153868609792e+00
-6.057958062783326270e+00
5.751682814451466896e+00
-6.875506156364667998e-01
5.086648635433225429e+00
-5.739731114580268745e-01
-5.900743453513954684e-01
8.001694712463344183e-01
-4.560817167617885914e+00
-5.071276209911538047e+00
7.594783077301734409e-01
3.895154551947121568e+00
5.732429470428523910e-01
-3.000206916192242446e+00
-6.713923598835663142e+00
1.653176272451567952e+00
3.564319552564629401e+00
-8.568068979169408683e-01
5.196132762735944155e+00
5.823068452921138061e+00
-4.096841161822439403e+00
-3.488411204140554389e+00
-1.871986353747518095e+00
-3.941274913705631988e+00
2.901633804274812434e+00
6.503153883156688408e+00
-4.691577960060569374e+00
3.085278523124372008e+00
3.887913980125682345e-01
1.402376154149673759e+00
7.194500195648069862e+00
-7.927677477947301377e-01
5.068312355707208283e+00
-7.103484237975228766e+00
-9.045798546758126335e+00
5.780127904895246971e+00
1.402654868213557782e+00
1.688640333892509782e+00
7.067107103084253161e+00
7.145692618460783851e-01
-1.531839164921680041e+00
-1.587297241166569339e+00
-6.814270998255680389e-01
-4.678250586149268919e+00
2.855908460805877347e+00
8.315141387412701146e-01
-2.218288571251165298e+00
4.852072770937866375e-01
-4.729988328590236435e+00
2.929703773521801224e+00
4.465109159505296077e+00
-3.572239852602683285e-01
3.735249607824902895e+00
-2.202198896719567145e+00
-4.254946208813747077e+00
-9.154051970571164265e-01
-3.027678190894023125e+00
1.519263910711463161e+00
3.936525479225707169e+00
8.961328718696101703e+00
-3.422414121539252285e+00
-3.639091180193908315e+00
6.311675900855751031e-01
-1.641978890299208516e+00
-4.120328443266923379e+00
2.472463184630614652e+00
9.989245499065549372e-02
-9.630255745015301017e+00
1.625063083108061912e+00
3.454750568568807356e-01
3.104710733731015360e+00
4.054649839347471141e-02
6.332979879457225181e+00
-4.516634237677773278e+00
5.238270004168901650e+00
-1.184420353511404400e+00
4.869257686313602562e+00
-3.981031317965268101e+00
3.430687024408330288e+00
-2.423451867199982068e+00
4.344541583939288687e-01
1.383774938265566856e+00
6.919752987660875654e+00
1.359766182502549103e+00
-2.779622181100158684e+00
-2.021908188853111632e+00
4.197451764012949837e+00
-4.288269215173134086e+00
4.379833737839351926e+00
3.290268659021282627e-01
-1.182448924349042280e-01
-3.674608802148699449e-01
-1.834278358184435298e+00
7.358237501873876596e-02
7.138943824897397761e+00
-1.119161498386993081e+00
3.727041053449560160e+00
-3.913292631856404746e+00
1.027370966626655324e+01
7.306121022356268924e-01
-1.568696813762507247e+00
4.727640864863490222e+00
4.822577107099155214e+00
-1.745200894603619324e-01
-4.638212844754391329e-01
2.098327905951499872e+00
-1.233270914841331445e+00
-7.549876781957101102e+00
-4.365928841456161003e+00
-9.565421856826394897e-01
8.953945262968947105e+00
-6.966907258906980260e+00
-9.889095377217455018e-01
4.170500047159783064e-01
-5.236112984195326447e+00
-4.176929913819477092e-01
6.142557451217923514e+00
1.054252755325896374e+01
-6.897389661204419431e-01
6.040559701120158387e-01
1.289448657873116244e-01
-2.273408133680989263e+00
6.729790373471011833e+00
2.812407800036591965e+00
1.499218716893076578e-02
-6.520223062290563476e+00
-2.520673314002882748e+00
2.948571388545084826e-01
4.106675928897407069e+00
-5.165309850857793705e+00
-1.818219882700581547e+00
2.955910664078551520e+00
-7.800459222267176251e+00
-1.836543577022696994e+00
-3.388590922413472484e+00
-1.362440247187940656e+00
-4.116503954984658264e+00
9.132314858369888100e+00
-1.375484086592435373e+00
-7.640905750510001759e+00
2.927633055925407568e+00
6.470850430133661568e+00
1.295659615575148305e+00
-5.361615791361201921e+00
-8.405778986408062536e+00
1.151247162921549494e+00
-2.381967828435355816e+00
-1.122397031924312338e-01
7.533451473776092477e+00
4.030680514512488877e+00
-1.208757610799789273e+00
4.272740147249152187e+00
1.615835583311644896e+00
9.343258630764943451e-01
4.176009552496823041e+00
3.741439999848121367e+00
1.575468069627086631e+00
-3.437107539748062379e+00
1.005728068053972279e+01
-8.006034113508937455e-01
2.629665863183714425e+00
-7.716781305006479741e+00
-5.965385912992493544e+00
8.869338720574226897e+00
-4.768791260926694697e+00
-2.104388123495048113e+00
8.535335310575604240e+00
1.130344452904532560e+01
-4.095762953607144929e+00
9.063512219764346511e+00
-7.155730676096232479e-01
6.142801720082482042e+00
6.876717490421910828e-01
-8.777923341962814430e-01
-5.516522032792790853e+00
1.828469551391478376e+00
2.299597052980070777e-01
8.499914143570857367e-03
-8.359230097027786632e-02
2.694773436911929387e+00
-8.137590574014545552e+00
1.616758313213070952e+00
1.270403662815122381e+01
6.362303292871605009e+00
