1.925251770894370829e+00
4.774582205451570083e+00
-1.889055884489246662e+00
4.563453793305929374e+00
-1.750275128381733714e+00
6.259163252521402931e+00
7.274267658633992717e-02
-5.903898235728126664e+00
-4.290720890443173730e+00
-5.031945396069070764e-02
1.539648721445824320e+00
-7.466951985584188378e+00
-4.251386172721944856e-01
5.229050564674320611e+00
4.462029726347674696e+00
-6.890812993418219179e+00
-3.376636952804221714e+00
3.739198809746612451e+00
1.960812174945157693e+00
3.034663316011544154e+00
3.159558585649133722e-01
3.533185762241500827e-01
9.176085124053247055e-01
7.601613064655039498e-01
-4.647848340718304883e+00
3.855223826982168145e+00
2.588361410324718559e+00
-1.369027724134816160e-01
8.976919916147073408e+00
5.798455849863636047e+00
-1.019913304860220915e+00
-2.816855396623703101e+00
1.501339909017808116e+00
-2.024794166022494402e+00
-1.958298729355003598e+00
1.292492129983555116e-01
-2.148460517285330162e+00
-2.184693471931606457e+00
-3.692297188159674448e+00
-1.212778025802750292e+00
2.986269728051707872e+00
2.034755479352243768e-01
-3.151505316451302718e+00
-3.069300502577864354e+00
3.094076396700915055e+00
1.834407106196608739e+00
2.693572673846142074e+00
-3.369979789984599350e+00
-2.899225881354836165e+00
-2.297037178293399151e+00
-4.629977125478724531e+00
4.257897347361825346e+00
4.352753945134637537e-01
3.033159930936174753e+00
-1.292802496198727669e+00
5.705473781087057716e+00
1.759117463511437274e+00
3.398885970465302941e-01
-2.436312693402991059e+00
-2.293612619907258177e-01
1.294983569060879969e+00
1.940363265645553392e+00
-1.034300297207182640e+00
-3.932456465507421228e+00
-2.800005646456043884e+00
1.259518020442373487e+00
6.008432849671388354e+00
-8.822177537589227514e-01
7.208796215406009233e-01
-4.519152273969792688e+00
8.149320732975234849e-01
-1.134665558606395841e-01
-1.444298246979082379e+00
-3.936759871369773567e+00
-2.517220162986962606e+00
-3.381907711649456694e-01
-2.597725492556921090e+00
-7.156501740803147271e-01
-2.499436065585126876e+00
-2.341959209868246461e+00
2.910714643510496913e+00
-4.225804234718702368e+00
-3.499331419088474338e+00
1.797832139700482168e+00
-1.403187598897504218e+00
3.287628804741151267e+00
-5.869183437153278060e-01
3.118169822352213849e+00
1.652768013732804908e+00
-4.416631563715875508e+00
-6.220580368607607546e+00
1.840302254421806172e+00
9.501457717318991802e-01
1.767964010591314139e+00
-2.362506861071342001e+00
-5.182668889783649036e+00
-5.777591019898358216e-01
4.171024943004004726e+00
-1.612947842439748092e+00
3.307291522675488871e+00
3.840626500563976142e-01
-4.229408805115391523e+00
-2.049717608104182909e-01
-1.553529750811298182e+00
-4.761053755122730102e+00
4.334327178889557430e+00
5.685445899929557179e+00
-1.958149453087099312e+00
2.811295351721117886e+00
-3.522442445728177773e+00
-1.619403603215896215e-01
5.079020197481284526e+00
3.937906890739346633e-01
3.624565010772453633e+00
-5.395135704347945094e+00
-4.286558369733557861e+00
4.826932594126534859e+00
1.168518111376899427e+00
5.589108328822823824e-01
4.481047343418429030e+00
7.705419639399504472e-01
-4.301293556752452396e-01
8.924859520591146289e-01
2.382679053815490722e-01
-6.371276909823090362e-01
-7.750707715819257215e-01
1.967206241672950773e+00
-4.400757071960308409e+00
-8.194928253971678345e-01
-1.842090882731112433e+00
3.966130144862474616e+00
3.084152136336749672e-01
-2.531939969251916445e+00
-9.650405251048530531e-01
-3.134933889801613804e-01
-2.509804081750273141e+00
9.778124880094805904e-02
-1.062807567064603997e+00
4.722604734724603404e+00
2.826053270500778147e+00
7.760057273831506564e+00
-1.120945916538193865e+00
-4.239184976313234543e+00
-1.427788291763101958e+00
-6.982871365921362594e-01
-1.285313886883192591e+00
2.132452934135424361e+00
1.170350324897807104e+00
-4.430621426153680709e+00
8.881780835652486328e-01
4.435062116258010612e+00
1.901829773473994734e-01
6.335715599093689754e-01
4.536881214509628002e+00
-3.335761192599754565e+00
2.783123442895750976e+00
-1.229584135500253250e+00
2.933281488264409376e+00
-2.276887479645268275e+00
1.715752552261009978e+00
-1.136006047292991372e+00
-7.913579801870676000e-01
-5.975405437126514174e-01
6.689612329237633936e+00
-6.367044610786551928e-01
-2.340481816833848150e+00
-2.546578793813798924e+00
1.872253597862561847e+00
-2.466601550594966330e+00
5.090059410835297449e+00
6.608833370175759558e-02
6.423240931270064458e-01
1.693348418564246671e+00
-2.120410497930890870e+00
-4.481556362960060214e-01
1.736605603657916941e+00
-6.840220585312626334e-01
1.035258822784800969e+00
-2.157833312682691851e+00
3.490363693283198288e+00
1.859129321777383659e+00
-2.759706721180496203e+00
3.081909080303073534e+00
1.917370888696678266e+00
5.972043634393491285e-01
-2.534066708902805498e+00
4.346067198190759484e-01
-9.044198765806830131e-01
-3.509778740198218117e+00
-5.224894004168574746e+00
1.699613799731855002e-01
8.595844629436284023e+00
-4.027767356458080705e+00
8.219022482363635973e-01
4.689324792899131067e-01
-5.267850061182858035e+00
-7.470660024021253953e-01
5.373724186008905335e+00
8.700668781539501850e+00
-3.163379150652463889e-01
-2.565874872439479759e-01
-9.520287681109314004e-01
-1.261426841814178301e+00
4.913536030742146288e+00
4.172150864524354574e+00
1.839647607982122013e+00
-1.707471141877929810e+00
-2.414986907796754956e+00
2.144043542379352907e+00
1.617038815147089359e-01
-4.396440835328980334e+00
-1.527935903428182307e+00
4.041781812011974395e+00
-4.955848735709170505e+00
4.008861528876186964e-01
-2.880483140821522348e+00
1.703940990265447208e+00
-1.284946234522935438e+00
5.044552379819323029e+00
2.014250781064565732e-01
-7.639024457318575045e+00
2.154907117266510852e+00
3.979655051691741718e+00
4.157788558749140329e+00
-1.588255543828466454e+00
-7.258927855590233236e+00
3.567525648690816453e+00
-8.219143504851345039e-01
-1.961731988711286068e+00
3.340881781135118800e+00
2.773944388290163321e+00
-1.712167992557722673e+00
-7.578724278557255611e-03
-7.795913599451572695e-01
7.164642399312319831e-01
4.851101071674809972e+00
4.467085035185416331e-01
1.546600047982947368e+00
3.015813016690116033e+00
6.748537821775032697e+00
4.692084130118504781e+00
2.128038212866456558e+00
-3.449980660409290412e+00
-2.591194349980883160e+00
2.452880323116317207e+00
-2.213828871275683063e+00
3.576048512105187704e-01
2.338162218482057852e+00
8.269583449315966561e+00
-1.357234119885867063e+00
1.512053877421778214e+00
1.254240829013329561e+00
6.642169712944966165e+00
9.399336961985066408e-02
-2.229126877637238380e+00
-1.817981255388793294e+00
1.799240180251174603e+00
9.233822581830249954e-01
9.076403541699368249e-02
7.946828577271518590e-01
1.337728961450672438e+00
-6.242830354263884551e+00
-2.285609395452092407e+00
8.236174397820366977e+00
7.657246592892853698e+00
