

gen best mean std best_sol
0 30.534911 -1.854339 11.735695
1 36.251669 6.045404 14.321266
2 36.253704 15.71237 10.698063
3 36.265544 19.216915 8.364055
4 30.564762 20.232001 5.713019
5 30.534911 16.644661 8.878131
6 38.050374 23.067682 6.28398
7 36.11591 22.240582 7.397264
8 38.164116 26.716104 6.622572
9 40.818948 32.438833 5.787341
10 38.760472 30.727118 9.952595
11 41.945497 35.660583 3.518282
12 38.760472 31.829954 12.815386
13 38.164116 32.12306 7.358143
14 46.897734 36.307676 4.09815
15 46.902304 37.680528 3.211986
16 38.780814 32.635389 12.983064
17 47.177476 39.076887 4.184696
18 52.278796 41.253728 5.402518
19 47.177476 37.218124 9.320447
20 47.171811 35.553493 8.908398
21 55.949702 40.971346 5.920755
22 55.948093 41.75076 5.693868
23 55.951283 42.761587 5.509137
24 57.081513 45.70672 6.166246
25 57.076171 46.874693 5.223823
26 57.083986 48.58332 4.570213
27 57.082213 49.617325 3.973926
28 60.983238 51.71871 4.487481
29 57.082213 50.647642 3.811279
30 55.951283 47.231886 10.387537
31 57.034588 52.092659 3.22772
32 57.029895 50.322615 6.413294
33 57.037162 51.93114 2.959065
34 57.03656 52.293691 2.807539
35 57.039791 53.37548 2.478057
36 61.027937 54.542665 3.003149
37 61.154526 55.178768 2.503831
38 61.040888 53.611556 6.762737
39 60.974769 55.426834 2.258391
40 57.039791 52.685519 7.388767
41 55.951283 49.980012 12.856894
42 55.646158 50.855214 8.109371
43 86.102861 60.473458 12.924154
44 86.093678 60.472539 12.922333
45 86.202395 64.901195 12.214195
46 86.074633 67.818662 11.225987
47 86.074633 68.059199 9.250271
48 73.793385 67.838383 6.748576
49 73.793385 72.302036 2.161338
50 73.769295 69.396544 10.309096
51 73.750468 72.487916 1.732448
52 86.456606 77.529481 5.812874
53 86.683277 80.121661 6.348926
54 86.45742 82.63851 5.768939
55 86.593604 83.918981 5.034001
56 86.58237 86.423724 0.09708
57 86.542385 86.475298 0.048045
58 86.72787 86.5403 0.083645
59 86.715604 86.550923 0.074656
60 86.650502 83.512397 9.095904
61 86.650502 86.549063 0.037447
62 86.563049 82.180368 13.072281
63 86.561945 86.479392 0.112786
64 86.547302 83.960635 7.529548
65 86.542385 85.167466 3.834187
66 86.60657 86.464443 0.117845
67 86.542385 86.457036 0.106118
68 86.53446 84.57646 5.686342
69 86.53446 86.473664 0.083627
70 86.531692 82.765982 11.103075
71 86.531692 86.483608 0.04656
72 86.582622 86.51464 0.035867
73 86.541127 86.514383 0.018127
74 86.531692 85.352489 3.476803
75 86.531692 86.511109 0.01581
76 86.528749 77.242048 27.807138
77 86.528749 86.502767 0.027903
78 86.537642 86.513748 0.014771
79 86.571891 86.521806 0.020999
80 86.537642 86.515982 0.012761
81 86.643837 86.530589 0.039218
82 86.643837 86.530812 0.039057
83 86.537642 82.812666 11.125958
84 86.530612 86.478602 0.098464
85 86.528749 86.476966 0.085525
86 86.599513 86.51364 0.038837
87 86.528749 86.50543 0.02655
88 86.528016 78.640086 23.588272
89 86.522778 83.965027 5.069499
90 86.517411 74.193748 28.911561
91 86.513652 83.921794 5.018161
92 86.513126 82.100411 9.556016
93 86.630052 86.454566 0.109543
94 86.640282 86.47282 0.080206
95 86.513126 86.457744 0.058561
96 86.527772 86.49063 0.025217
97 86.768183 86.523576 0.083574
98 86.814325 86.558664 0.117666
99 86.825052 86.588471 0.11394
100 86.768969 86.582863 0.103013
101 86.768183 86.579202 0.096797
102 86.73236 80.93511 16.869442
103 86.744812 85.276669 3.849517
104 86.744812 86.555301 0.077552
105 86.660521 83.717659 8.449873
106 86.558476 78.160492 21.159965
107 86.527772 73.977191 22.201586
108 86.516718 73.628 22.870397
109 86.515257 86.431081 0.103045
110 86.515257 86.467493 0.04923
111 86.513126 77.190071 27.816384
112 86.508891 77.207505 27.730142
113 86.508891 86.451205 0.045335
114 86.58688 86.475613 0.053041
115 86.563927 86.482937 0.039337
116 86.527772 86.491192 0.02442
117 86.58688 86.498135 0.035555
118 86.515335 80.86542 16.884181
119 86.508891 86.480337 0.028001
120 86.508392 78.041802 25.320082
121 86.50661 75.550512 24.294315
122 86.499605 86.430801 0.079542
123 86.499605 86.445518 0.046376
124 86.499044 83.354092 9.256347
125 86.469452 78.034587 21.289472
126 86.469452 75.868417 27.701378
127 86.46452 77.069651 28.007865
128 86.459784 76.980889 28.216444
129 86.459784 80.80267 16.855349
130 86.927294 86.48072 0.151516
131 86.58688 86.459781 0.048237
132 86.489527 85.182119 3.819671
133 86.502509 86.460051 0.020571
134 86.592055 86.474894 0.040515
135 86.608919 86.493359 0.054472
136 86.619598 86.517906 0.059786
137 86.608919 86.526461 0.046743
138 86.598013 80.907244 16.871357
139 86.964021 86.597929 0.129148
140 86.917532 86.59328 0.11606
141 86.640282 84.018291 7.641766
142 86.955428 86.619337 0.115361
143 86.955428 86.659559 0.136212
144 86.899512 81.029533 16.915591
145 86.868383 86.693807 0.09373
146 86.955428 86.745945 0.099289
147 86.899512 86.78199 0.082917
148 86.899512 86.813278 0.044364
149 86.899512 86.817112 0.043094