4.601826208184692035e+01
-6.364926863105550581e+01
6.049472981467152621e+00
1.572966156842640961e+00
-3.118520450325448223e+00
-9.189740619349610995e+01
-1.793782898327405917e+01
6.788943377192526718e+00
6.339204771672735106e+00
-7.931720510674570335e+01
-2.140065714199649705e+01
1.224827789500240272e+01
-7.928789195727867778e-01
-3.693179079127803277e+01
4.433363698970783418e+00
-9.468260122799266298e+01
8.331007844648217997e+01
1.537551530834566904e+01
3.270194002459129479e+01
1.163971846344634429e+02
-2.875874247161484121e+01
-2.701447609141650474e+01
8.865766219453700359e+00
5.387309660034775760e+01
-2.713078369626915620e+00
-1.713939702224573480e+01
2.742778447253915886e+01
3.047834050676559059e+01
-2.504364863709052003e+01
8.367314478926206789e+01
7.608797614810015375e+01
3.341366574869688577e+01
-1.068832179025130458e+01
-9.626772409026810351e+01
3.644721095305488490e+01
-5.298124775544073373e+01
9.473446887270524641e+00
-8.750214727509933255e+01
-6.870848779358900060e+01
3.605878390968388914e+01
-3.102976934115153185e+00
1.722766339292600790e+01
1.208516480880194166e+01
-1.355431668569227632e+01
4.527508155417407920e+01
-2.322090008847845155e+01
-1.598935631271344748e+00
2.221518168351166622e+01
-6.442402269517243951e+01
8.144251621693271659e+01
-4.765495447818102548e+01
7.374086189462441432e+00
6.961971399037518715e+00
-1.183202486846957839e+02
1.443794177283127453e+02
7.275786432354603050e+01
8.218291331739851557e+01
-2.249048187110797414e+01
-2.657178161628730351e+01
-2.323255555442049758e+00
-5.575409204907283112e+01
-5.012139649597985880e+01
7.376353621610249434e+01
1.546809187038110522e+01
-5.156523981839539772e+01
8.340047038011931591e+01
3.295148263110304043e+01
2.929500321244715977e+01
-7.356699927422785379e+01
1.600398344109098403e+01
-7.865090825136904584e+01
-9.600281176437046327e+01
4.659074194212215758e+01
4.480468689880249400e+01
7.165897165613371200e+00
7.635415155666704834e+01
4.594568231470400055e-02
-9.727049644222409697e+00
-3.687687716397150695e+01
-3.105442252803672787e+01
1.169697270228102148e+01
-1.022712390429331890e+02
-6.556109774746819596e+01
3.884896447375336948e+01
7.828656481998912398e+01
7.444595632911236294e+01
-7.076795116227003746e+01
-2.798464152081530187e+01
-3.592625738985840655e+01
-1.468377571724220765e+01
2.357722622243601052e+01
1.036821918932752240e+01
2.447790139255430475e+01
2.239221914150125059e+00
-2.802466627526660403e+01
-2.725974559257380037e+01
-3.943463434399698997e+01
-5.710753574261310916e+01
-6.208223475881521125e+01
4.918035183027439672e+01
5.818057436164338725e+01
-2.287611061762908449e+01
-6.950172124145480268e+01
1.721378048900650626e+01
-6.988523442161256582e+01
6.346689251261030051e+01
-4.674598376500664187e+01
1.182783524543678766e+01
-3.183221874207309199e+01
3.415145121327960709e+01
-6.322580407744341713e+00
4.967752612354762221e+01
-9.252916391844788535e+00
6.304688257255911310e+01
-1.199964459330572026e+02
1.134950023356644806e+02
1.873750035718883211e+01
-4.637201092536871272e+01
-7.378068465826832778e+01
-2.365554481328824821e+01
-9.685259800735019908e+00
-3.699450616041179529e+01
4.817426572619017833e+01
1.134047733463885663e+02
-3.088610342575183410e+01
5.239117390295514554e+01
-1.167274606478155334e+02
3.532652532439293225e+01
1.377700346914125475e+02
-7.281226570744745175e+01
-2.406383760438243868e+01
1.931770863801915894e+01
-1.795898302751176701e+01
4.425615538721113040e+01
1.766303694075263309e+01
-1.877678082895842593e+01
-1.001500189711883735e+02
9.663575598078429607e+01
-9.630414068365405456e+01
6.808587596692431987e+01
6.773497270742598175e+01
8.430028348432112750e+01
4.639419955251072025e+01
-2.840495862067188781e+01
-4.172100820033254109e+01
-5.366149066980614180e+01
6.572615359446058392e+01
6.308871928759123726e+00
8.888184972249425186e+01
8.285980632612176322e+00
5.489641633958945732e+01
-3.506357450003739018e+01
-6.705918787503935441e+00
-7.277134789333449305e+01
2.835662532314054474e+01
-4.924024958230565829e+01
3.741810699754193337e+01
7.044055848845304979e+01
-6.774363119074708095e+01
6.409686627089790534e+01
7.925067736473019409e+01
5.675894003902410390e+01
4.176310162892701072e+01
-3.031782014364235067e+01
-7.080658310298230163e+01
-2.489209266660067144e+01
4.448070616246845077e+01
8.963604594755611288e+01
-5.292869561735006556e+01
5.768589004025555056e+01
1.125569990048927309e+02
6.799950595202233217e+01
1.071354305898512962e+02
-6.517497607486477307e+01
-5.109471540508715037e+01
3.055347114683378251e+01
-3.410392356786874757e+01
6.489236751899427702e+01
-4.655413999034753836e+00
3.311697623213315467e+01
8.234896983725471742e+00
6.968104363757822739e+01
-3.203624266598176007e+01
3.501935840554767054e+01
6.543879743143011751e+01
-1.807516984539257265e+01
-9.292691952909508757e+01
-9.453313745580615546e+00
6.823395306162653640e+01
7.788821398620440561e+01
1.119294744274590130e+02
-1.037870706957797928e+01
-1.013369861222284385e+02
-6.932010447003268183e+00
-7.419733247774878748e+01
5.341230815610996530e+01
5.933287832262375616e+01
-3.087528882932844354e+01
3.426696248568146075e+01
2.584413978487229357e+01
-5.048783369703378554e+01
3.563391534930858739e+01
-3.792555706102297819e+01
8.131519441501852796e+00
1.255363977083258078e+02
-8.864177810493291076e+01
-2.464644097621575547e+00
6.118952240993657909e+01
-1.216472703113313685e+02
7.039778864360921773e+01
-3.848486253577906524e+01
1.902611235474205387e+01
9.748254667137595675e+01
-1.732749324071838259e+01
9.877339559442610550e+01
-4.695483393818302176e+01
-1.425463970300040160e+02
9.250412236564066470e-02
5.337575667304056282e+01
5.845089648872204435e+01
-5.748882935394467353e+01
-3.232745195582469222e+01
-7.443528728725171106e+01
1.181488549078327388e+01
5.114784524007482958e+01
-1.957756972769299963e+01
-4.916353639358047189e+01
-2.188401299015006174e+01
-6.323156588361828767e+01
1.123457602773709141e+01
3.694471339029588819e+01
-4.499894944368727501e+00
-3.712437408922801296e+01
3.496561774212707974e+01
6.540396979456110671e+01
-1.154221009269146947e+01
8.334090762654071227e+01
8.587653337164361744e+01
1.148800162859803820e+01
-3.938007206722949149e+01
5.675315381621021515e+01
-7.203986472437919986e+01
-3.919670742292089471e+01
-3.829266929776171935e+01
1.621749417018731876e+01
-5.275614436443625266e+01
-8.372689781429942002e+01
1.095434065604009177e+01
-2.742362232668150668e+01
1.418059192496036935e+01
-6.153766818782438008e+01
-1.476743166875576492e+02
-2.147842337922061873e+01
1.409376884946527184e+02
1.094914270120644346e+02
3.256539937844740962e+01
4.327201538273328651e+01
1.979895762517823243e+01
-2.565670192685226336e+00
-3.520935014552567566e+01
5.415925835741032479e+00
-1.065330371265258123e+02
-3.530285977693871757e+01
4.051976828004421805e+01
5.563022107541357286e+01
