1.615273537502851520e-01
3.923979491848919587e-02
3.875173060926333513e-01
9.042183260945180212e-02
-4.240915766443738577e-01
-5.180313283746293962e-01
-8.267789960316315745e-02
2.370837679073088400e-01
-3.159701449225693626e-02
-6.265015208111951450e-02
1.664677889680521439e-01
3.331271067461943902e-02
4.387533461630030995e-01
-9.209596500642551475e-02
2.676679701296623137e-01
-3.861907312465339137e-01
5.186645855456614718e-02
-1.249705594456143321e-01
-1.153647057549914423e-01
2.460992806650397213e-01
-3.650728496175026372e-02
-3.298222357541149563e-01
-4.116806569171365116e-01
-2.053415892134274889e-02
3.210175329518911713e-01
-1.648613945052787577e-02
2.878713852584698918e-01
2.891641412627235508e-01
-1.219737381296693568e-01
4.862370382971302751e-01
1.188830356420775836e-01
-2.075109690904296811e-01
4.568807928236640059e-02
1.316171216376852138e-01
-1.071196193044545997e-01
-5.418090326390886946e-02
8.459487711773108765e-02
3.024287151297002096e-01
3.849890107909485770e-02
3.861471127223193855e-01
3.588516693552500914e-01
3.815162225147644137e-01
1.053809293997726992e-01
2.918449622220311568e-01
-2.248300312579575022e-01
-1.735056476421916738e-01
6.213645037072103305e-02
4.472788391887924653e-01
7.225614955283579666e-02
2.443808512078235462e-01
-2.152181244568262541e-01
-1.176267841643553747e-02
-1.520527146207727998e-01
-1.371818921900988530e-01
1.742249045689689968e-01
-7.053825389123637157e-02
-4.287051822930117162e-02
-4.616642782445624094e-01
2.745060880021065741e-01
2.197859928647261096e-01
-1.065462139642767148e-01
-3.474263276537300493e-01
2.952475040681542540e-01
2.949336126234281541e-01
-2.728362222636870893e-02
1.746188143092073930e-01
-1.470246987121391277e-03
7.770714716999976845e-02
1.288139962702918584e-01
7.773584662889945762e-02
1.982202310946173107e-01
-2.196355319386869009e-01
3.131212030979697025e-01
3.387954446881723536e-01
1.398954506385664542e-01
4.992851830901311183e-02
-2.474251235475742883e-01
2.890491609040033438e-01
1.701037494422948104e-01
1.949256487944733829e-01
-6.209584484491488254e-01
-5.907133661737675734e-01
-2.411957397316041307e-01
-1.504262755804956497e-01
2.555190652018998754e-01
-8.444051332079720307e-02
-1.301285657158163522e-01
-5.978950995491286169e-02
-5.273887761335563362e-02
-2.246299541770634123e-02
-1.056432872788974076e-01
4.748928030853662996e-01
1.943921214420815669e-02
2.238142361814728643e-01
-3.286767503630339538e-01
-4.305426550334925384e-01
3.685986711686378703e-01
-3.969494816865631187e-02
1.970561714475830839e-01
4.540235329124771568e-01
1.700742571470882369e-01
4.020919350826393512e-01
-2.243697574233954051e-01
-1.351008469073570473e-01
-1.487832977254461009e-01
1.334661517038467915e-01
-6.208919350106370527e-02
1.688949490440914969e-01
4.670102898806550995e-02
3.977981250499434962e-01
2.203295698625535315e-01
7.294956645958251829e-02
3.588563399102177032e-01
9.039558622763682605e-02
5.131266442245724368e-02
4.469665612957249290e-01
3.728343601204130164e-02
6.534329208917660781e-02
-4.870766414061110106e-01
8.968752776570178276e-02
1.706911150467042559e-01
-2.370953876270210370e-01
4.160088904062313464e-01
-1.590930563351498905e-01
-1.728090629409290147e-03
1.888088298478857452e-01
-3.983811580676871467e-03
2.712018182506499286e-01
4.755597334317551717e-01
-2.300745638399276927e-01
7.914081361336391951e-02
1.721061334790112696e-01
-1.429319383840815805e-01
1.646912603509561035e-01
-7.632126310630066301e-03
-4.528708330088887513e-02
-1.704105915336938670e-01
-1.507943815552735822e-01
-3.167849815134303748e-01
-1.115267269585627219e-01
-3.438726946319650146e-01
1.135568035117163754e-01
5.850065881672887880e-01
1.556613527532221819e-01
-2.976681394110703982e-01
-3.424209509201302515e-01
9.942188177873317878e-03
2.987089052667071809e-02
2.246138253006221275e-01
-1.442692911597056038e-01
-9.960112077397979824e-02
-7.792592646912241405e-02
-1.895509961783308772e-01
3.005975655362803922e-02
2.973866654837203916e-01
-2.544782383633550360e-01
4.615008780982678971e-01
-5.151348115578939513e-02
-1.911749269643306937e-01
3.451817665000930790e-01
-1.429181825401433792e-01
1.596945671367393516e-01
2.174546962026845387e-01
2.781903275343629994e-02
-4.666496042313370562e-01
1.223411137987030495e-01
-3.882154562900663741e-01
1.898303082182821733e-01
2.737933923366350220e-01
-5.498792800498999989e-02
1.984014743022405325e-01
3.276978845413310859e-01
3.401826104255751826e-01
-3.769245562984732123e-01
-2.789194180732181283e-01
2.164248885951462475e-01
1.719182058278599379e-01
-2.701249587423527609e-01
3.860298389595183399e-02
1.750927027773873379e-01
6.720074893013732176e-01
2.114822412003374286e-01
-1.969226843606739219e-01
5.046118753624582176e-01
-1.726935557490759665e-01
-1.900748711164776950e-01
-1.483669761159153999e-01
-2.404642842291995208e-01
8.588362547045828854e-02
6.779298813370424059e-02
3.931856338920390326e-01
6.941824851216839287e-02
5.654075000531505468e-02
-4.376775705582051923e-02
-1.430079093710975857e-01
-2.922978832706198404e-01
5.128625768378969330e-01
-1.323710670242055076e-01
4.758940165988402304e-01
-1.519008835399044410e-01
-4.595502015989480493e-01
3.618353340376088273e-02
-9.151879236129953354e-02
8.514957460521051236e-02
3.290431795986614727e-01
-2.757628128818575552e-01
-3.330046714343519454e-02
1.277324613877713344e-01
-3.532231658225281623e-01
-2.332749753254805339e-02
-1.253655875567105393e-01
1.195871170995769228e-01
4.784882457250177468e-01
4.284626362685156620e-01
-4.034764778010520581e-01
3.005737060453607112e-01
2.500893383134779047e-01
-2.281588084272904438e-01
2.491992736593629520e-01
1.129581817542778532e-01
-2.671297109726947783e-01
-4.409414220102694792e-02
-2.885172555294993058e-02
-2.316354074518651301e-03
-2.775344412722017262e-01
-2.925173906681916014e-01
-2.832542829346822444e-01
-1.630217980989077248e-02
-6.591759969163529798e-03
2.853364941559295431e-01
-1.204891626117179926e-02
-1.858158254188506109e-01
-1.447244415001692763e-01
2.712538618703601301e-02
-3.686017009487176088e-02
-1.495739001510507649e-01
5.171528489347081842e-02
-4.490384214437535826e-02
4.796907772253442559e-01
1.017231414533798645e-01
-9.130528115682295942e-02
-9.224486667104871834e-03
5.748585140887949030e-02
-1.234193119032424568e-01
-2.500781663450507564e-01
-4.439059898349559385e-02
-5.420197600945916849e-02
-7.164630149751265165e-02
-1.393958062143175192e-01
1.832211804973226665e-01
-2.861640697540238643e-01
-7.807803089584140765e-02
3.545004426347160287e-01
1.707802084504893292e-01
-5.751647203675175346e-02
1.382903221879193123e-01
-2.433835783235793748e-01
2.340432856298883535e-01
2.294558236832611176e-02
3.093069129848481369e-01
1.509157147845818780e-02
-5.768374464140143543e-01
2.073769428848101781e-01
-2.370184352752408019e-02
1.278751219969566089e-01
