
gen best mean std best_sol
1 15.662825 -2.029715 6.335363
2 9.663479 1.298723 6.087963
3 9.737439 6.484963 3.993146
4 9.737439 9.658214 0.036133
5 9.737439 9.670875 0.022188
6 9.663479 8.136435 4.581132
7 12.222899 10.175363 1.023768
8 12.222899 8.510064 4.382948
9 12.222899 9.926625 0.765629
10 12.222899 9.935953 0.762662
11 11.261617 7.749899 6.890648
12 12.784461 10.63632 1.023767
13 12.784461 10.63894 1.021348
14 13.929295 11.955876 1.083324
15 13.929295 11.956805 1.082717
16 13.929295 11.956805 1.082717
17 13.929295 10.935379 2.571287
18 12.784461 10.511143 2.380262
19 11.310488 9.587067 5.084177
20 11.310488 10.937081 1.052205
21 11.305177 11.124525 0.487321
22 11.302385 11.124246 0.487218
23 11.392769 11.3215 0.036349
24 14.009429 11.594619 0.805662
25 14.009429 11.619329 0.797543
26 15.792576 12.077322 1.467265
27 14.009429 10.861214 2.53729
28 14.009429 11.638559 0.790659
29 15.871808 12.092989 1.483577
30 15.867104 11.931829 1.635589
31 15.867104 12.092363 1.482459
32 15.867104 12.092685 1.482293
33 15.867104 12.100861 1.478273
34 14.009429 11.648344 0.787285
35 11.397794 11.226025 0.503341
36 11.397794 11.383041 0.021036
37 14.087373 11.933877 1.076754
38 14.087373 11.933877 1.076754
39 14.087373 11.933877 1.076754
40 14.087373 11.655632 0.811119
41 11.40112 11.371746 0.05061
42 11.397794 10.60063 2.305986
43 11.397794 9.508953 5.045408
44 11.397794 9.66344 5.084703
45 11.397794 10.590395 2.306323
46 11.394565 10.591184 2.302735
47 15.873077 12.09981 1.494631
48 14.087373 11.653682 0.811607
49 11.400624 11.390215 0.015776
50 15.896564 12.29685 1.799859
51 15.896564 12.298423 1.794044
52 15.881126 11.523992 3.159398
53 15.881126 12.977599 1.957912
54 15.876406 11.609297 3.570613
55 14.798781 12.072783 1.363463
56 15.881126 12.981616 1.955762
57 15.881126 13.431748 2.051001
58 15.881126 13.428545 2.05417
59 15.896223 14.774557 1.731518
60 15.896223 13.99905 3.686413
61 15.896223 15.774235 0.325187
62 15.896223 15.882707 0.004837
63 15.896564 15.884688 0.005927
64 15.896564 15.884688 0.005927
65 15.896564 15.886232 0.006672
66 15.896564 15.886232 0.006672
67 15.896564 15.886267 0.006647
68 15.896223 15.436896 1.344692
69 15.896223 14.987375 1.792734
70 15.883498 15.434596 1.342199
71 15.888609 15.883439 0.002693
72 15.888609 15.883846 0.002672
73 15.888609 15.884083 0.002553
74 15.888609 15.884593 0.002488
75 15.888609 15.884627 0.002447
76 15.889301 15.886056 0.002476
77 15.889301 15.886667 0.002267
78 15.888609 15.439326 1.343756
79 15.888609 15.439752 1.343156
80 15.888609 15.887517 0.000939
81 15.888609 15.8882 0.000367
82 15.888609 15.441084 1.341667
83 15.888609 15.888337 0.000297
84 15.888609 15.888405 0.000272
85 15.890668 15.888987 0.000846
86 15.890668 15.888987 0.000846
87 15.890668 15.889297 0.000827
88 15.890668 15.889332 0.000804
89 15.890668 15.889677 0.000658
90 15.890668 15.890191 0.000437
91 15.896904 15.891849 0.002541
92 15.896904 15.89261 0.002814
93 15.896904 15.894065 0.002892
94 15.896904 15.896559 0.001037
95 15.896904 15.896904 0.0
96 15.896904 15.896904 0.0
97 15.896904 15.896904 0.0
98 15.896904 15.447326 1.348735
99 15.897243 15.896938 0.000102
100 15.897243 15.896938 0.000102
101 15.897243 15.896972 0.000136
102 15.897243 15.896972 0.000136
103 15.897243 15.89704 0.000166
104 15.897243 15.897108 0.000166
105 15.897243 15.897243 0.0
106 15.897243 15.897209 0.000102
107 15.897243 15.449127 1.344348
108 15.897243 15.897243 0.0
109 15.897243 15.897243 0.0
110 15.897243 15.897243 0.0

gen best mean std best_sol
110 15.897243 15.897243 0.0
111 15.897243 15.449182 1.344184
112 15.897243 15.449127 1.344348
113 15.897243 14.67494 3.66691
114 15.897243 15.897243 0.0
115 15.897243 15.897209 0.000102
116 15.897243 15.897243 0.0
117 15.897243 15.897243 0.0
118 15.897243 15.897209 0.000102
119 15.897243 15.897243 0.0
120 15.897243 13.457752 7.318474
121 15.897243 14.221215 5.028086
122 15.897243 15.897243 0.0
123 15.897243 15.897243 0.0
124 15.897243 15.897243 0.0
125 15.897243 15.718422 0.536463
126 15.897243 15.897243 0.0
127 15.897243 15.449182 1.344184
128 15.897243 15.897243 0.0
129 15.897243 15.897243 0.0
130 15.897243 14.67494 3.66691
131 15.897243 15.897243 0.0
132 15.897243 14.67494 3.66691
133 15.897243 15.897243 0.0
134 15.897243 15.897243 0.0
135 15.897243 15.897243 0.0
136 15.897243 15.897243 0.0
137 15.897243 15.897243 0.0
138 15.897243 15.897243 0.0
139 15.897243 15.897243 0.0
140 15.897243 13.448935 7.344924
141 15.897243 13.863701 6.100628
142 15.897243 13.720041 6.531606
143 15.897243 15.897243 0.0
144 15.897243 15.897243 0.0
145 15.897243 15.897243 0.0
146 15.897243 15.897243 0.0
147 15.897243 15.897243 0.0
148 15.897243 15.897243 0.0
149 15.897243 15.897243 0.0