3.571092304159323305e+01
2.220277597264152902e+01
-3.366992248801798837e+01
1.060436695866788170e+01
-3.447499877004041924e+00
-6.118685784717729348e+01
-4.262033950165994511e+00
-4.407251969165446148e+00
1.912059541301577426e+01
-1.518283850100383958e+01
1.255400241377996196e+01
-1.120846512455363175e+01
1.249291445302694825e+01
2.669984834328596079e+01
-3.135524370083907897e+01
3.187935662954553884e+00
-1.046802785798768953e+00
-5.298980502175714591e+00
-3.940201844405542886e+01
-1.035048455810392909e+01
2.459824890026043676e+01
-1.756294511306035133e+01
-1.331080543695939156e+01
2.005048949301831129e+01
-1.708263114679126460e+01
1.163757190788716400e+01
4.310387199872725006e+01
-4.298024775154516419e+01
-1.867957047380991220e+00
1.956027948057471377e+01
3.207965557769303899e+01
1.152947486332377736e+01
-1.084258100510372191e+00
1.784725029250596506e+01
-1.840344618946040356e+01
4.386589934504971211e+01
-5.597847300833508122e+00
-3.230424742990250309e+01
-1.545295871446934477e+00
2.377329049567171637e+01
-2.129087324834520345e+00
-1.072752628621417514e+01
2.762659615119864753e+01
-9.262426456471324343e+00
1.857710910623170619e+01
-2.383558045749558829e+01
4.691845968317975490e+01
-3.169335783460984501e+01
4.450615263252070264e+01
1.737178587362641125e+01
-6.945240787842750230e+00
4.045471330630290296e+00
-3.109392691453528101e+01
2.496518244328801828e+01
3.942839613754145489e+01
-1.145034235128346456e+00
-3.775154832986303433e+01
4.700912526577242545e+01
1.958248864758258989e+01
-3.487760945393679179e+01
-7.636673200561083341e+00
1.966419392177094494e+01
-3.304357093258304445e+01
-1.636699687295290673e+01
-1.037520166141983147e+01
-8.017787512621199042e+00
1.377128704330055697e+01
4.284727810073277965e+01
-2.010674122684288179e+01
4.999554949329723286e+01
-4.779577375535899009e+00
1.432899301733783304e+01
-7.972820134050563112e+00
2.611408106142936703e+01
-4.321912271541807016e+00
-2.205575249230328794e+01
-4.147687590562343374e+00
-5.806480181626606196e+01
1.782134931385611054e+01
-1.159046733697627651e+01
1.199892664025542288e+01
1.202512556462151494e+01
1.280714634910772531e+01
3.084340467186621737e+01
-3.493563450100987211e+01
2.462087842813387084e+01
1.694115683854784038e+01
8.058402020898771667e+00
1.656687428502272397e+01
-1.134369789704337705e+01
4.338841154408957834e+01
-3.801151320950037160e+00
-1.297133037089769836e+01
-2.909600071382207531e+01
-1.156161058712926781e+01
-7.571364484542934647e+00
1.039884115933429243e+01
3.793944312882074144e+01
3.037208296982287337e+01
5.446859041909315469e-01
-2.364342357471236333e+00
2.320392029234761466e+01
-1.876637256804195530e+01
1.970503442664796978e+01
-3.014988144395201886e+01
1.914895800375375501e+01
-2.438200210994590478e+01
1.584133369837164196e+01
1.084650388300251400e+01
-2.789209278432517980e+00
1.058871514608668996e+01
4.072662747368336511e+01
1.675400892167847644e+01
-2.964615337506828929e+00
-2.519543335648373183e+00
2.109240829516352278e+01
-2.281181297031900712e+01
2.088337108648941953e+00
-3.164949327350350927e+01
2.526441441151028755e+01
1.484411902049764720e+01
1.459361500680048351e+01
-1.661683462385613597e+00
-1.850946477030609660e+00
7.664914079298645433e+00
4.322721067940880957e+00
1.140148400638267390e+01
-2.967614567400617176e+01
6.310716910321368722e+00
2.054202702189945740e+01
1.897382593627306235e+01
2.352672719088941022e+01
2.383488709150914531e+01
-4.166199603696634779e-01
6.128118097232386763e-01
3.097630268648412510e+01
3.140778581689464488e+01
1.355094478021170090e+01
3.838664641274837663e+01
-1.975658686913376982e+01
1.143796614976742099e+01
3.394455516663281003e+01
-7.366648641110362661e+00
7.037044360774610041e+00
-2.982738074142810802e+01
-2.959420968543128083e+01
-1.555876474391364894e+01
-7.947468485338296418e+00
1.237775773954743741e+01
-1.424135079645826885e+01
4.748606561192536901e+01
-3.454460410137404835e+01
-1.082998880188321067e+01
2.141172516485102051e+01
-5.291749081259577991e+00
-1.791769090883789417e+01
-4.650109360640078648e+01
-3.610645805494749538e+01
-1.050402844205325437e+01
-4.153102671536645119e+01
1.175991651382116387e+01
-2.790531581587177001e+01
5.662310286775618806e+01
-2.926423037857642839e+01
8.015309994231749613e+00
-9.138928963701559383e+00
-8.809112085526372482e+00
1.879747255881806467e+01
1.388750333724134478e+01
-3.656813003234955062e+00
-1.135641877216943030e+01
-2.082558129776169409e+01
4.596256900731236783e+01
-4.086448812760919225e+01
1.458376061059750128e+01
1.867764504680364013e+01
-1.761961539199950266e+01
-2.885862008899097830e+00
-2.150736829941084949e+01
4.703628469235217580e+01
-4.873969503542961235e+01
2.125729554183717340e+01
-1.068036450499995205e+01
3.346293559340204893e-01
-2.323637153455539561e+01
2.538464557793962584e+01
5.294130780303633266e+00
-1.982418489384689764e+01
1.470406097209737695e+01
-3.944834838757873285e+01
-1.070705379285927705e+01
-1.486150867239430085e+01
2.368081634424925852e+01
1.744361494336679641e+01
-1.066092314738121516e+01
-3.680787325687443712e+00
-4.539955175461838621e+01
-1.105973158036580450e+01
-1.351054244654982917e+00
-1.963214227956937918e+01
-2.506531523229721969e+01
-1.301001683935493247e+01
7.245003674704358687e+00
4.433200903131414350e+01
1.799612521049627745e+01
2.713814463465222104e+01
-1.854614901774663593e+01
-8.894365421605828104e+00
2.113591807653653021e+01
-2.696492928333114136e+01
-3.998114126486871100e+01
2.074752397006226801e+01
2.961930875214229886e+01
-3.466731863483057197e+01
8.951085880178345278e+00
-8.240711978555522066e+00
2.129757034593560050e+01
3.540015714672236413e+01
9.787415421318540254e+00
2.909805453452710466e+01
8.092091550774695108e+00
1.608556623067245184e+01
-2.077079346851677855e+01
-1.183273734518755838e+00
-2.869164023310143108e+01
-2.172434218809325301e+01
2.609719486553237289e+01
-9.549385157294292270e+00
4.754886404883984596e+01
-2.735401330644755546e+01
-2.090314152512886992e+01
-2.969472330209958955e+01
1.827834775457579397e+01
-8.089952566912008702e-01
5.453452712942502956e+01
5.581190217041534396e+01
2.191918017200062518e+00
9.380917836357587802e+00
-1.876916792270836964e+01
-5.109803014247802366e+00
1.386505212471203663e+01
-2.071804043195244560e+01
2.573010615427124037e+01
3.376895971962281351e+01
-8.079473196149002945e+00
2.252038109107289543e+01
2.822854880290270785e+01
1.270691964414160147e+01
-3.395133877879291617e+01
9.079510253761155170e+00
-4.226010038322098694e+01
-1.376384686320647610e+01
-1.423808677348240082e+01
-2.277173451932105408e+01
1.066498245332828887e+01
2.757705977555992405e+01
-4.068592142658165756e+01
-1.567128254391960240e+01
7.729327898742850422e+00
3.319432208976595966e+00
-2.028454249374226137e+00
1.904303230231102617e+01
8.095058685858944614e+00
1.768687414272012148e+01
3.085060997272811800e+00
