2.078489224117824108e+01
1.576202651447203529e+01
-1.956038564106320621e+01
5.411499399041103331e+00
-2.579115521650727327e+00
-3.667726248117551080e+01
-4.512225730010592351e+00
-3.175352052060112840e+00
1.440742318784311138e+01
-9.791927121661881728e+00
5.881515189511848263e+00
-6.481649160679709532e+00
9.668873442454774647e+00
1.590346605634824151e+01
-1.892594382147974130e+01
1.116372083186852660e+00
-1.003781464313951099e+00
-1.472705294776619489e+00
-2.406035863921276530e+01
-6.437114988652659520e+00
1.444398922042864797e+01
-1.405089889015889426e+01
-9.961978474828296015e+00
1.422092986875683707e+01
-8.789201143979017417e+00
6.252736446787412916e+00
2.299603183621572455e+01
-2.285551421355256352e+01
-1.806523611460678413e+00
1.276210125106061888e+01
1.911197244256962691e+01
9.771188181549749885e+00
-3.877811731494129610e-01
1.032924573005281133e+01
-1.040722858578858023e+01
2.641591570213668305e+01
-4.589659569601080236e+00
-2.021598895806469187e+01
9.080582600418852790e-01
1.308343532476803261e+01
3.014010897489357022e-01
-5.779552346075377933e+00
1.487312362281104683e+01
-6.614876966028211847e+00
1.022431152614419148e+01
-1.392051819356991338e+01
2.756460989772463321e+01
-1.938559956335539169e+01
2.915481428314126688e+01
1.165031097410477656e+01
-5.927484857836893717e+00
7.597275413725970150e-01
-1.707187821296053798e+01
1.384086014202739001e+01
2.257266147978683435e+01
-2.186275750098546133e+00
-2.503324180277589761e+01
2.667230542131184379e+01
1.074165138559137667e+01
-1.969509278158225385e+01
-7.313458903107310505e+00
1.075625301856474181e+01
-1.998129308335524357e+01
-1.073910164702295766e+01
-5.459970902973902085e+00
-5.206522460239185079e+00
8.277967985351756042e+00
2.466734764667165436e+01
-1.195509634047297176e+01
3.200730407334251737e+01
-2.771642815621715439e+00
6.722761764940149654e+00
-3.434654275335973672e+00
1.910668221841212855e+01
-4.699849920500962952e+00
-1.278763904660964457e+01
-4.333772059361009177e+00
-3.744525472918788722e+01
9.957045718635942677e+00
-7.421323786762687114e+00
5.138551067431520458e+00
7.820292890287721121e+00
9.219736149723980034e+00
1.833039011708049770e+01
-1.988396335580488739e+01
1.711318227901172406e+01
1.317709214975940668e+01
5.447261996233905279e+00
1.105030868162202928e+01
-7.880124387604462655e+00
2.749601269464767483e+01
-2.319287798405959833e-01
-6.383199026473972637e+00
-1.786639096028614659e+01
-6.014981081480050840e+00
-5.986849313797117489e+00
6.758285232731190639e+00
2.288611453152679687e+01
1.651101812262272261e+01
-3.532858510863940427e-01
-6.918265656957153231e-01
1.404287607856099740e+01
-1.177738753083076695e+01
1.357436389573639346e+01
-1.825672673173082217e+01
1.350930223337651803e+01
-1.753017108220536713e+01
8.298611737554793422e+00
8.904403788759548632e+00
-1.602669657781973012e+00
6.513547374280566515e+00
2.457815636783758251e+01
1.069629768962879091e+01
-4.891398722418224265e-01
-5.899745626975534396e-01
1.412648692757165492e+01
-1.282420929257326314e+01
7.857014134484493484e-01
-1.896027367005572728e+01
1.254671313472942629e+01
9.237124044880468787e+00
9.492725018260145475e+00
-3.403570911053120263e+00
-2.827816574313715137e+00
4.418975670967427050e+00
2.320443907664105632e-01
7.245745145631226514e+00
-1.877806261240483465e+01
4.230095806830973082e+00
1.452154784140315691e+01
1.149329460441809481e+01
1.647275413855650683e+01
1.341773509477944160e+01
9.698065882987991770e-01
-4.084438676733674889e-01
1.928665592157356556e+01
1.986469419814811133e+01
8.909334390355599709e+00
2.268643844500567397e+01
-1.461121338386030644e+01
9.221924651879298551e+00
2.163842957349852369e+01
-5.100635600494431543e+00
4.951708964261099410e+00
-1.780288877025727245e+01
-1.525315199199898153e+01
-8.470902098527819390e+00
-3.455230553056379605e+00
6.462144658743087966e+00
-9.205859598535409916e+00
3.012619698324832740e+01
-2.064302624805632291e+01
-3.440418828604426160e+00
1.175163823362126259e+01
-2.820176113930435768e+00
-1.075006305336045109e+01
-2.827548180948427614e+01
-2.243949334105003146e+01
-5.995925192273469762e+00
-2.689336865730306769e+01
7.580154391715693052e+00
-1.602734218005421241e+01
3.457944831006085451e+01
-1.510348790293383558e+01
4.601283967697147759e+00
-4.071549335628939836e+00
-4.023360610356264466e+00
1.147736306896809921e+01
1.187304496033884682e+01
-2.556567150957358869e+00
-5.753933088854565447e+00
-1.073537941501544601e+01
3.036346680655593744e+01
-2.365673351505456523e+01
1.112554949452859709e+01
9.244837580261631160e+00
-1.017693660702415315e+01
1.100683885853086297e+00
-1.533367253124207963e+01
2.581579679661365390e+01
-3.027558941421751015e+01
1.203315676632313114e+01
-8.507458236902797566e+00
-2.620210339342198047e+00
-1.464041783555267173e+01
1.486854445690745230e+01
3.365917316479108301e+00
-1.001219064132857461e+01
8.361720547998599429e+00
-2.485604883161462553e+01
-8.410234908644628860e+00
-8.981703538260626729e+00
1.652144189541535013e+01
1.010907065109878644e+01
-9.012829352645402636e+00
-1.068562538551482088e+00
-2.722739352155270609e+01
-7.141357256119863273e+00
-1.979978413654043479e+00
-1.024591571800844747e+01
-1.346484444775069633e+01
-8.318957403689230645e+00
3.051449310929918113e+00
2.645597277244043966e+01
1.183400646290228231e+01
1.790625398112435107e+01
-9.887183788205172519e+00
-7.516680046736773591e+00
1.048900850803884666e+01
-1.571684268826798814e+01
-2.666889662909645509e+01
1.093814845835903604e+01
1.681859251345904482e+01
-2.074139770287741769e+01
8.612037241726826053e+00
-7.523401183653374957e+00
1.346308871503227422e+01
2.247156969688869665e+01
5.382286840071872192e+00
1.775999410784805832e+01
3.890651299052259038e+00
1.042413592726944316e+01
-1.114847370908137769e+01
-2.865592812603554140e+00
-1.612025478472906670e+01
-1.093207639455271263e+01
1.603305384782412091e+01
-6.364272284219127940e+00
2.816258541322330089e+01
-1.606557080354400568e+01
-9.559909420834618032e+00
-1.823758527744815794e+01
1.143772535906731669e+01
-3.694957278609645179e+00
3.307855501775048168e+01
3.210641320668019461e+01
5.801312083440047118e+00
6.469177994610060267e+00
-1.217340842785565158e+01
-2.195632740630995894e+00
7.175276415944250807e+00
-1.224506376047272660e+01
1.449790110662537757e+01
2.063287971054259629e+01
-2.317996751363957664e+00
1.400698265310428425e+01
1.591634550373007784e+01
9.892201275219576928e+00
-1.939456134469100590e+01
3.186469044686421892e+00
-2.483254114341679042e+01
-9.100959519347185278e+00
-9.322021485837737487e+00
-1.523385489956636718e+01
9.685340147510203224e+00
1.498375004419726864e+01
-2.255928970346651141e+01
-9.572701998117882027e+00
4.506606240167640109e+00
2.887795259676908977e+00
8.670443708019487383e-02
1.188031808418371327e+01
3.796116033925180488e+00
9.392138369267236442e+00
2.897101749191465458e+00
