

gen best mean std best_sol
0 33.195575 1.045866 13.603109
1 15.71586 -0.179541 8.773391
2 15.993116 3.838101 9.687992
3 16.053621 8.921082 7.630169
4 38.562983 15.712486 8.429421
5 38.567765 16.205154 7.920755
6 38.561353 18.460953 7.051838
7 38.571655 20.579292 7.862738
8 38.573169 26.530079 9.212466
9 42.840965 34.526597 5.395787
10 55.044088 42.421523 7.552956
11 52.363722 37.937184 12.417269
12 52.363722 45.893635 6.390962
13 61.145474 48.280129 7.140892
14 52.363722 41.513956 16.997763
15 52.362822 46.366366 5.891056
16 52.359974 40.944688 15.304711
17 52.358975 42.307161 11.589179
18 52.356903 47.120045 5.190906
19 52.358599 48.478823 4.568644
20 52.356903 43.52076 16.134388
21 52.354155 40.383865 16.650888
22 51.870266 39.060556 18.361055
23 51.699465 37.81867 16.924401
24 51.278317 35.648732 16.514795
25 47.203624 34.552441 15.630669
26 47.205277 36.542952 10.811324
27 47.199814 33.364358 12.170502
28 47.19754 27.767568 16.998882
29 42.840965 23.030799 17.310765
30 42.011588 18.976793 16.918915
31 39.783861 16.18804 14.458308
32 30.700959 13.019826 12.11951
33 50.369614 24.268197 12.427631
34 50.356844 30.917062 9.225129
35 38.753319 34.074701 3.019462
36 40.764249 36.168617 2.790459
37 40.844478 37.556981 1.816416
38 44.594133 39.905456 2.689315
39 61.266126 43.747765 6.844013
40 61.266126 44.841134 6.557547
41 52.861671 42.23689 11.576051
42 55.945355 46.910036 4.680493
43 55.943718 48.46378 3.653863
44 55.943718 49.602045 4.015482
45 55.957148 51.872901 3.747434
46 61.216026 55.826802 3.246255
47 61.269676 56.915509 3.058013
48 61.264872 56.915029 3.057329
49 61.259266 57.755266 2.978277
50 61.258143 51.065278 21.843372
51 61.258018 56.340397 6.378063
52 61.247124 50.257502 19.486913
53 61.2548 54.403979 7.829709
54 61.249527 57.390807 3.685512
55 61.262359 57.392091 3.686857
56 66.081036 59.076422 3.414139
57 66.087483 60.090772 3.815583
58 66.087483 60.090772 3.815583
59 66.079535 57.889954 7.070725
60 66.073884 60.366864 2.794438
61 66.080972 61.379246 2.846842
62 66.080972 62.278824 2.767673
63 66.080972 63.176486 2.368432
64 66.079868 60.743936 6.70074
65 66.073884 57.509577 14.565254
66 66.085772 62.704181 2.208574
67 70.084138 64.469714 3.494157
68 70.06989 57.13329 20.352827
69 66.085772 60.55827 5.435721
70 66.073884 61.711257 2.694366
71 66.073803 55.360596 19.420599
72 70.051467 63.123261 2.984118
73 70.062621 64.97022 3.32112
74 70.068737 67.278774 1.821374
75 70.062621 66.881634 1.587717
76 70.060486 67.277925 1.818197
77 70.053794 66.389795 2.33865
78 70.06959 68.075329 1.984757
79 73.130586 68.779887 2.366914
80 70.06959 67.592325 2.821625
81 70.068101 64.383413 10.579912
82 70.057418 62.968712 10.678406
83 70.053794 65.083361 5.878696
84 70.051467 61.105348 16.324136
85 69.838613 59.239535 21.836476
86 66.10149 64.482368 4.789202
87 66.094348 57.799413 21.664254
88 66.094056 56.813077 21.346092
89 66.093689 61.980556 5.00876
90 66.092887 64.614215 2.223214
91 66.092347 58.989611 16.523749
92 66.086526 63.266305 3.240763
93 66.085548 61.523927 6.432707
94 70.077988 66.379441 2.111789
95 70.077988 67.676516 1.949765
96 70.088994 68.079595 1.9898
97 73.152627 69.890659 2.241324
98 73.158419 70.683823 1.234606
99 73.158419 71.904576 1.493183
100 73.169154 72.215701 1.397039
101 73.169154 72.826502 0.913111
102 73.174437 73.135047 0.035809
103 73.169154 73.149409 0.016914
104 73.169154 73.155062 0.009872
105 73.204961 73.161931 0.016246
106 73.184835 71.971119 3.57242
107 73.184517 73.159887 0.011208
108 73.179664 73.159402 0.010189
109 73.169154 73.160009 0.005969
110 73.169154 73.160009 0.005969
111 73.163814 72.452396 2.119798
112 73.169154 73.160009 0.005969
113 73.195009 73.165849 0.010235
114 73.195009 73.168971 0.012086
115 73.18995 73.170067 0.010627
116 73.189635 73.167453 0.008395
117 73.174437 72.849446 0.946635
118 73.169154 71.66346 3.589487
119 73.163814 71.836494 2.272258
120 73.163814 70.115358 5.220628
121 73.163814 71.618825 1.543928
122 73.184835 71.932976 1.510674
123 73.214395 72.555556 1.233171
124 73.184835 72.148222 2.220699
125 73.184835 72.857322 0.921054
126 73.169154 72.853584 0.919793
127 73.219475 73.16824 0.018035
128 73.169154 73.160482 0.008485
129 73.169154 73.160482 0.008485
130 73.174437 73.162629 0.006734
131 73.174437 73.163725 0.004785
132 73.174437 73.163725 0.004785
133 73.169154 73.163197 0.003754
134 73.168825 73.161578 0.004288
135 73.174437 73.16214 0.005418
136 73.168825 73.16263 0.003198
137 73.224495 73.169271 0.018622
138 73.168825 72.853496 0.928921
139 73.163814 72.849682 0.925771
140 73.163814 64.89362 23.78127
141 73.163814 71.434922 2.823898
142 73.163814 72.847489 0.92505
143 73.163814 73.154421 0.012867
144 73.163814 72.449068 2.124131
145 73.163814 73.157238 0.008034
146 73.174437 73.158857 0.008555
147 73.18995 73.163663 0.010862
148 73.18995 73.164759 0.009657
149 73.179664 73.16427 0.006918