9.102792014661261533e+00
-1.806981094484460115e+01
2.375155972862601672e+01
3.003082583729216637e+01
-3.728117151321785627e+01
-4.531335807913330882e+01
2.413646948858836627e-01
4.084274505831660207e+01
1.234338359076289215e+01
7.095821073575568505e+01
-5.992504199747698834e+01
3.043874798559903638e+01
-3.118859937157261442e+01
6.038329047021050400e+01
1.242250351456563209e+02
-1.742839803273274057e+01
-4.220649937121953599e+01
-7.337225331954441820e+00
3.204922864044870323e+01
-1.430979391826000757e+01
2.125342162532589541e+01
6.590141761232419526e+01
1.311746022993370886e+01
-2.141013516419030260e+00
3.891061377180611913e+01
-4.623077072325723691e+01
-3.130001052246845106e+00
1.045112559985670941e+01
4.352223939774246730e+01
2.419570069277460078e+01
3.182601487048419031e+01
-4.519303795153202685e+01
-1.208046606388022326e+02
3.947397446121610187e+01
-1.765137336840403037e+01
-5.159195552125185458e+01
-2.960390152642587580e+01
4.534828772775128414e+00
-3.307214085370001300e+01
5.498663441871930502e+01
-5.262693631261403482e+01
1.776552607638033976e+01
3.156106187935811036e+01
-7.467172658271499586e+01
-2.867154652212782295e+01
-7.166053664918308641e+01
5.549750337226719665e+01
1.620260838084186972e+01
4.762582454246725661e+01
-9.096759030017418368e+00
-3.825906370101789378e+01
-6.632777348442351695e+01
7.881860216933122842e+01
-2.385253712765585377e+01
-3.312579941529674699e+01
7.443061872281734281e+01
-3.915368409058078214e+01
1.457194117080029372e+01
-5.761887155655957571e+01
-6.227852674894881346e+01
3.315528382615016056e+01
3.386448960998669122e+01
3.121412806060042300e+01
1.171657500651364536e+01
1.414742521778994799e+01
9.161653400173847217e+00
9.462518154458203767e+00
2.620210429281276987e+01
-2.982215098138697229e+00
-2.019081030203729554e+01
4.621987310790349568e+01
-5.122188851047718572e+01
6.320423458976208719e-01
-6.891383402775454670e+01
3.811116895147105055e+01
6.545868493538284838e+01
2.289208376378307719e+01
-7.689592523355793219e+01
-1.255773630160077836e+01
6.068335610139899217e+01
1.611092771953046210e+01
5.051299773780485225e+01
-5.318596968995819196e+01
-9.103885710291976352e+01
4.328749514843165258e+01
6.848853001270626351e+01
-2.121745900315395517e+01
-1.474411638954249781e+01
-5.385494337071722981e+01
-5.894892404440145839e+01
-1.271607116025952848e+02
4.405019600394589396e+00
9.597313596703164862e+00
7.434704889983758846e+01
1.879178172443115580e+00
-3.232817360584214583e+01
-9.690463363087339133e+00
-5.313995339212113578e+01
-2.096844996805111805e+01
-8.842571464301258288e+00
-3.654011677960667015e+01
6.207637978100385645e+00
3.382554904515311822e+00
-3.708085908926956620e+01
-1.383227527325403372e+01
-1.595271751973571739e+01
2.484674787940311091e+01
7.263209631861682780e+00
-2.182288077319078212e+01
3.750377410863394800e+01
-7.656103173947043672e+01
5.104819831672243069e+00
3.983393802246916238e+01
4.921989581369030198e+00
5.714119966902252656e+01
2.910812754314939355e+00
-1.066917423049409486e+01
-3.165671746770448536e+01
-3.896190777592674692e+01
3.146274063176189184e+00
-4.036866534294263431e+01
-5.175869148471152670e+01
1.379272004577243393e+01
-2.388530475305747081e-01
-2.133450284829847376e+01
1.751757683544813560e+01
2.240855726075598131e+00
-6.420972901041700487e-01
-8.411040497590671805e+01
1.769155667672671939e+01
-1.109024045591421270e+01
1.521249747551000286e+00
4.181535931046074950e+01
-5.262169433532525886e+01
-1.016010533104134517e+01
1.183659429367354079e+02
-4.549982713748975982e+01
-4.121928773983601246e+01
-1.166312138496800088e+01
3.689289940480718855e+01
3.421324465278042481e+01
-5.944541457661356532e+01
-4.493686683708425278e+01
7.616367124039462055e+01
4.762230248358749662e+01
7.448583551941161396e+00
-1.947933673763525331e+00
6.018433879815982834e+01
3.521002518709074280e+01
1.895079552971652248e+01
-6.381535516110552209e+01
9.042595844650779924e+00
-2.216464616605514593e+01
-5.134508162485944638e+01
-2.075409385478172908e+01
-1.054016232671196036e+02
2.697946997432931227e+01
2.012888672029389880e+01
-2.348247218415250259e+01
3.360870054366877913e+00
1.870283232384094418e+01
-4.754731568014494059e+01
-7.560250228008524687e+01
-3.278384068531771334e+01
8.410485602910288350e+00
2.354187384157383711e+00
8.730354660001223621e+00
-4.643529330903414376e+01
-8.823677266479086256e+01
-6.014296468742344359e+01
-3.404396253749263224e+01
6.842534416450406809e+01
1.352299786136938735e+02
4.911701141621148992e+01
2.818468299891266327e+01
-3.406133582594338094e+01
4.728293471669137915e+01
1.426965705619759328e+00
1.323688956738814966e+02
-1.003808851729035556e+00
3.502597340405443305e+01
-6.402255427501650331e+00
-9.115106574791006722e+01
-4.300352269224237745e+01
-4.905510021225256700e+00
3.421427560923915223e+01
-9.119150073881213459e+00
-6.158199254404275180e+00
-2.443601491213188126e+01
4.657256045921955234e+01
-8.081893914685173286e+01
-2.018742718911668987e+01
5.580736499779577997e+01
6.036485529519931781e+00
-9.058813845960573374e+00
2.245907058959248204e+01
6.174909899563003535e+01
3.869987924857328121e+00
1.223769600126511818e+02
6.378294898785384959e+01
-3.978306204170053206e+01
6.275343566690230546e+01
-1.529998822369281974e+01
3.214814630289448871e+01
4.495460515545636326e+01
4.071409257585220587e+01
3.339249431975983118e+00
-7.337054207998920674e+01
-1.072703307352818598e+02
-6.336816082166597397e+01
-8.830932416039401289e+01
-5.126194385181561586e+01
-2.589060289310011242e+01
6.231382477100331840e+01
1.265373546491242109e+02
-4.433231878408859217e+01
4.105993320220178333e+01
2.393718120662729021e+01
-1.077201040577092250e+01
1.869663702265683369e+01
-4.687945570668672701e+01
1.098984421185251215e+01
6.528802281150325371e+01
5.298145250725886513e+01
8.150229919955209734e-01
-3.841851246770194450e+01
3.776983153063102350e+01
1.526647483858221044e+01
1.394233873388201950e+01
-1.326183717537000177e+02
5.297812885340030675e+01
3.712740437594000298e+01
2.498778488313899970e+01
4.906625277922348971e+01
3.038853211958562728e+00
-3.786839737181411891e+01
-1.609260497019686795e+02
-5.257702979653457120e+00
4.187095727599209027e+01
-2.588621938680297774e+01
-4.073409003961648978e+01
-5.830422737121027765e+00
3.907599172326615644e+01
-9.195070887562874162e+00
-2.127622166909973522e+00
2.240106005050487425e+01
3.664197454483212368e+01
2.241464770058655276e+01
-2.714628264432428661e+00
9.972653648809125571e+01
-3.763157530378946802e+01
-7.616296883834233711e+01
-3.333702785554073245e+01
-5.147640538906001240e+01
-2.497005393143588847e+01
-3.643094518646223179e+01
-3.999425153647146658e+01
4.156471592217694422e+01
-3.440878563842424143e+01
-5.222386861152050130e+01
8.315420641876116292e+01
-9.753597945800073887e+01
4.452761039478931337e+01
4.537619570479106557e+01
7.458369749790878700e+01
