-1.900511199052120070e-01
-9.776600400813288960e-01
-9.803233788034557694e-01
3.023001485028484758e-01
8.555444748267878596e-01
-2.213289444601054257e+00
-2.043338708057295339e+00
2.218824311045540121e+00
1.574620571231422961e+00
1.079521968548117883e+00
-5.106647219599632637e-01
2.659821338299733995e+00
2.506520205014519109e-01
2.067243021532133018e-01
3.751615773657294817e+00
-2.219118555372183277e+00
-7.794356555670023390e-02
3.510821397000594701e-01
-2.392912739051450632e+00
-1.738335926465102599e+00
2.229009753942042593e+00
-8.757526308977359175e-01
2.429348439662220860e-01
-5.191789995116462553e-01
3.124947142628887065e+00
-2.769715030686182189e+00
-5.973003477520038018e-01
-6.116661271889978213e-02
3.168601399969918742e+00
-1.114393607717712786e+00
8.232976507450929793e-01
1.830479954437016277e+00
-3.938773517517816458e+00
3.279323717777283598e+00
-8.221138241239622779e-01
-1.145371619601504021e+00
-2.015572123192407528e+00
1.067147983768157671e+00
-2.521899459365738172e-02
2.421418369082786182e+00
7.592751274382598947e-02
-2.587642899125432550e+00
1.518912447836345603e+00
-7.679744105825676570e-01
-6.735416051981883978e-01
-3.015267518314968420e+00
3.707223624726934119e+00
-9.228227892734837401e-02
9.113436687519107515e-01
-2.343945400277164914e+00
-1.913223281884247395e+00
-4.297119220992917099e-01
9.698788642149477335e-01
-7.017995315462546291e-01
-2.404172369922707442e-01
-5.908979917479415533e-01
3.553144197087020340e-01
-2.540731168208408608e+00
-1.003194188994769531e+00
4.976686910550469078e-01
-1.931317290308550039e+00
1.470849362333655819e+00
2.534195312571057901e+00
-7.059234257499829024e-01
1.914608302396756834e+00
-6.887674611045221384e-01
2.102960437094634649e+00
2.033747646213851512e-01
-1.518236155639613560e+00
-1.428949545653475983e+00
1.685421971244378536e+00
-1.148579199312053101e+00
-2.832421999997509765e+00
-3.155746918344007668e+00
3.729077980562933714e-03
2.065991346205912071e-01
1.421137151212107153e+00
-2.219521313843307642e+00
-8.899655692950751984e-01
1.769371209516266363e+00
-3.071402151974544026e+00
1.881723019735643265e-01
-9.559245699793050832e-03
-2.877004958188325912e+00
2.423382127460596003e+00
1.501386131589976580e+00
-2.055746250398595265e+00
-1.393529466444573650e+00
-2.026962772977802363e+00
-3.421026911427725636e+00
-1.530758697311767502e+00
1.201893983886403117e+00
2.660711818769270209e+00
4.430091075340324425e-01
-3.332818604524881323e+00
4.984363987334223811e-01
-1.045648622977444209e+00
-1.053232219451598173e+00
3.065082949553493918e+00
1.541749921536420320e+00
-2.936549940246097279e+00
2.422839610093479923e+00
9.029548549397237167e-01
-2.292132327307271122e+00
1.581088033019608208e+00
-1.916750167506824809e+00
2.090496214236418737e+00
-9.591474971521254389e-01
-2.817692209367051337e+00
1.076255289704019846e+00
-3.667646204791595865e-01
3.762868950868753171e+00
-2.232705912902887002e-01
-5.387478147895577996e-01
1.052356527245201789e+00
-7.955172255860533115e-01
-9.765428684782021529e-01
-2.342216866173141732e+00
-2.943781162156970055e+00
1.401257691056541077e-01
-1.901630838269306345e+00
-4.280503992691950810e-01
1.033677359763225612e+00
-1.064088664306626963e+00
-2.660152163737425912e+00
-1.083011929617419655e+00
-1.274006736621959623e+00
9.165963001159378454e-01
-2.964937980928849637e+00
2.070222193533061805e+00
1.281109085401316516e+00
2.807620741471687609e+00
6.565435640436915188e-01
-9.159521057803353683e-01
-1.970520582451958713e+00
2.259725531473782301e+00
-1.081116847339883835e-01
-5.060138439267791721e-01
1.216151121921595912e+00
-4.836858521430614233e-01
-3.582902174325722777e-01
-4.708187976428443555e+00
1.386903239643652697e+00
4.944581355969155378e-01
-1.337116027942756746e+00
2.619149283309549769e+00
-4.440794430218918620e+00
3.667275613247257482e+00
1.529359054669676254e+00
-2.979233524094528018e+00
-8.893988899289257954e-01
-8.554431020834588062e-02
6.501933783552809043e-01
-2.916031835033568442e-01
-1.575506949255090217e-01
-1.149914691550905088e+00
-6.460782876597523927e-01
1.122568191117890191e+00
-8.718797456623739173e-03
-2.726089499050244336e-01
1.224756487151908324e+00
-3.167485740437318675e+00
-1.738978675094118298e+00
4.520454387542687247e-01
-7.484447326829163361e-01
9.929283600236638030e-01
3.691776656079877927e+00
-2.469479611289620014e+00
-4.303436523667266478e+00
-2.766875156786573475e-01
-1.660501397062929207e+00
1.495934853673191345e+00
4.961095795055356916e+00
2.806772671856357260e+00
-1.821424483240043024e+00
2.054684864190561733e+00
1.120875424664394826e+00
-1.667983648386872630e+00
2.618604057303272725e+00
-4.146039637117186483e-01
-1.971585946679741186e+00
-4.919434814926724742e-01
-4.799986762670075402e-01
-6.118833815072430848e-01
2.731412597887653781e+00
2.432819640280771800e+00
1.772273710731557261e-01
-2.755360181465367764e-01
-1.780086000671942781e+00
5.355676634404291647e+00
-1.171636231955906382e+00
9.379611083447950692e-01
1.489919062872776978e+00
4.717683901353029313e-02
-1.927036614324026731e+00
3.326206784480068457e+00
1.101585675115969443e-01
1.524146949538836449e+00
4.569350346635561166e+00
3.028635756244262289e+00
-1.156353758728261294e+00
1.165228749066096192e+00
8.821619416377868284e-01
2.202079545246176995e+00
8.750375319033645294e-01
-1.016170394802816013e+00
1.516296583381943286e+00
1.903790097435360318e+00
-2.592636344999329712e+00
-2.376927946865497354e+00
-1.359875415279675703e+00
1.716541293556339554e-02
7.923774407139597686e-01
1.801370632253804338e+00
3.724487059617514806e+00
-4.117329447133143416e-01
-1.367097456156654900e+00
-1.241676210081174236e+00
-1.003820030171013400e+00
-5.585978425851293450e-01
3.658180050498958114e-01
1.069636155827388357e+00
2.308195509832155601e+00
1.064165761090837270e+00
-8.614962143272305584e-01
-2.996816702853227987e+00
1.872775441147119579e+00
-2.213012720485753593e-01
2.518564301774775416e+00
-1.680824725435154932e+00
4.883256183658508109e-01
2.590011747018210908e+00
1.272376532764642576e+00
-2.705546613902647390e-01
-2.383433847648292137e+00
-1.011315344737395039e+00
-3.171576472611853603e+00
-9.821338626863878041e-01
1.487169995947378309e+00
6.123434162077561194e-01
-3.612680795156149927e+00
2.401899810821107317e-01
9.920907198274137029e-02
-1.499998548188192782e+00
4.316076578078741344e-01
5.675535118042193128e-01
1.026309664506557917e+00
-9.774141180523889805e-01
-5.000013372078202512e-01
1.166085459582081540e+00
-3.766550091552705593e-01
-8.292871899187257423e-01
9.878276793562990044e-01
-1.381429818192225323e+00
-1.097373329334418446e-01
9.838859908773344154e-01
4.762820258433732024e-01
8.364934576374947195e-01
-4.759329840083753038e-01
-3.419761968309192324e-01
-1.272600822508002105e-01
-2.200064195168351944e+00
5.515936676964623420e-01
1.630402958964840998e+00
2.324497443590139767e+00
