

gen best mean std best_sol
0 9.543028 -4.656679 7.279944
1 9.543028 -1.406166 5.826655
2 13.353221 3.960833 5.686678
3 13.353221 7.357889 2.217822
4 13.353221 7.361433 2.216097
5 9.543028 5.459143 3.833522
6 9.187791 5.431518 3.773901
7 23.519839 10.026399 5.36181
8 14.593653 9.160814 4.174183
9 16.702762 12.366686 3.34724
10 30.002467 15.837729 4.993483
11 30.002467 18.065531 4.261944
12 23.121918 16.504316 4.221626
13 28.480941 18.773642 3.946981
14 28.480941 18.773642 3.946981
15 28.480941 20.521308 4.120543
16 24.414009 17.915941 8.524161
17 24.414009 20.512023 3.184573
18 24.414009 18.424581 5.9327
19 24.504505 20.600009 3.097172
20 36.207363 22.550469 5.35054
21 36.207363 24.102513 4.4689
22 31.411261 23.220934 5.001851
23 31.411261 25.039594 2.177978
24 31.411261 25.039594 2.177978
25 31.306671 24.291518 3.51021
26 25.234103 22.239741 6.67772
27 24.504505 24.357714 0.066888
28 28.105791 24.757035 1.118054
29 28.105791 24.757035 1.118054
30 31.337639 26.16382 2.809049
31 34.18308 27.149538 3.60724
32 31.403183 24.670234 8.032394
33 31.337639 23.939796 7.761479
34 31.337639 23.708956 4.606396
35 28.105791 20.622257 9.49455
36 24.504505 22.04561 3.27171
37 24.465603 19.370507 10.019652
38 40.303287 24.732541 5.454257
39 24.465603 23.443147 1.364329
40 34.18308 24.414894 3.513855
41 34.18308 24.414894 3.513855
42 24.414009 22.98181 2.56047
43 24.399543 20.330457 8.048144
44 24.399543 19.18571 8.824568
45 25.618955 22.431345 3.028217
46 24.399543 20.361172 5.877314
47 24.385138 20.160102 4.347242
48 24.385138 20.580941 3.640248
49 24.270968 18.856239 5.186576
50 24.205875 16.64998 8.374722
51 23.203137 15.92148 7.83775
52 23.194032 15.209241 7.36136
53 21.599733 15.724538 3.344477
54 17.003545 13.904581 6.526156
55 26.128496 17.081661 3.038294
56 26.128496 17.164249 3.01204
57 19.696213 16.996418 1.389184
58 19.696213 17.065346 1.348826
59 26.128496 19.152256 3.684884
60 26.128496 20.107807 4.106923
61 26.128496 21.307596 3.761031
62 26.128496 23.694494 2.348132
63 26.128496 23.732031 1.850914
64 26.128496 24.458832 1.024428
65 26.128496 24.914185 0.87706
66 26.128496 24.914185 0.87706
67 26.128496 25.255739 0.712604
68 26.128496 24.217798 2.896886
69 26.128496 24.072582 2.833162
70 26.128496 24.072874 2.833224
71 26.128496 25.25625 0.712186
72 26.128496 24.218458 2.896758
73 26.128496 25.547047 0.712127
74 26.128496 26.128496 0.0
75 26.128496 26.128496 0.0
76 26.128496 26.128496 0.0
77 26.128496 25.983134 0.436087
78 26.128496 26.128496 0.0
79 26.128496 25.828065 0.901292
80 26.128496 24.981497 2.988053
81 26.128496 22.766114 9.612381
82 26.128496 26.128496 0.0
83 26.128496 25.828065 0.901292
84 26.128496 24.945193 3.095853
85 26.128496 22.807273 9.489031
86 26.128496 24.945193 3.095853
87 26.128496 25.627834 1.105903
88 26.128496 26.128496 0.0
89 26.128496 26.128496 0.0
90 26.128496 26.128496 0.0
91 26.128496 26.128496 0.0
92 26.128496 26.128496 0.0
93 26.128496 26.128496 0.0
94 26.128496 26.128496 0.0
95 26.128496 26.128496 0.0
96 26.128496 26.128496 0.0
97 26.128496 26.128496 0.0
98 26.128496 26.128496 0.0
99 26.128496 26.128496 0.0
100 26.128496 22.896093 9.697209
101 26.128496 23.449127 8.038107
102 26.128496 26.128496 0.0
103 26.128496 26.128496 0.0
104 26.12952 26.128599 0.000307
105 26.135269 26.129378 0.002005
106 26.135269 26.130158 0.002594
107 26.135269 25.481922 1.943688
108 26.134738 26.13093 0.0024
109 26.134738 26.131032 0.002314
110 26.134738 26.131554 0.002496
111 26.135269 26.132651 0.002567
112 26.135269 26.134844 0.000397
113 26.136337 26.135429 0.000342
114 26.135802 26.135429 0.000244
115 26.135802 26.135429 0.000244
116 26.136873 26.136017 0.000642
117 26.136873 26.136284 0.000559
118 26.136873 26.136658 0.000263
119 26.136873 26.136873 0.0
120 26.136873 23.079375 9.172493
121 26.136873 26.136873 0.0
122 26.136873 26.136873 0.0
123 26.136873 26.136873 0.0
124 26.136873 26.136873 0.0
125 26.136873 22.462607 11.022798
126 26.136873 26.136873 0.0
127 26.136873 25.488529 1.945032
128 26.136873 26.136873 0.0
129 26.136873 26.136873 0.0
130 26.136873 26.136873 0.0
131 26.136873 25.488529 1.945032
132 26.136873 26.136873 0.0
133 26.136873 26.136873 0.0
134 26.136873 26.136873 0.0
135 26.136873 26.136819 0.000161
136 26.136873 26.136873 0.0
137 26.136873 26.136873 0.0
138 26.136873 26.136873 0.0
139 26.136873 26.136819 0.000161
140 26.136873 22.955263 9.54483
141 26.136873 23.851749 5.919684
142 26.136873 26.136819 0.000161
143 26.136873 26.136873 0.0
144 26.136873 26.136873 0.0
145 26.136873 26.136873 0.0
146 26.137411 26.136927 0.000161
147 26.137411 26.136927 0.000161
148 26.137411 26.137034 0.000247
149 26.137411 26.137142 0.000269