-3.723842769176516754e+01
-2.156192544965017177e+01
9.223413318722693433e+00
-2.457297572872525038e+01
-7.669563397727105603e+00
-7.049711419964387105e+00
1.231398724754744656e+01
2.657784676538940793e+00
2.666296252922718768e+00
-9.971797204478937360e+00
4.201007439621352368e+00
-1.153671792505382987e+00
1.610320622531571289e+01
8.591508289813731380e+00
-2.864523808312246089e+01
1.451203284294451734e+01
-6.561596111927832098e+00
-1.434750568851275609e+01
-7.783236057487179949e+00
1.014976713565098976e+01
1.472586553709248314e+01
-2.379060865680899894e+01
-6.317677341576175998e+00
-1.145476944894494231e+01
1.593072918150444472e+01
1.182676184402317965e+01
2.951534435105109822e+01
-1.316661865883967053e+01
1.684399488712369930e+01
1.085009581476838347e+00
1.609464988486305925e+00
1.901823287965015652e+01
3.887016606072548797e+01
1.327917290377382464e+01
-3.638036591587026525e+00
1.940246110238498023e+00
1.720965268261670289e+01
-2.414857919695647936e+01
-1.695778754388924625e+01
-2.075973640538732212e+01
1.173552360956985563e+00
-1.698233214353831855e+01
9.282241812334145692e+00
-3.980501539538602973e+00
1.873306955730729939e+01
-1.561947266860066819e+01
-9.088623341366186992e+00
2.508007772218072251e+00
1.423638424146981052e+01
-4.729652898636234504e+00
3.349677242647639996e+00
6.488000560604601397e+00
-2.089019833634882417e+01
-2.804825034464127853e+01
-9.219819860623511332e+00
2.617855121905739679e+01
-8.229271099564130054e+00
-9.538104616145609782e+00
4.509348666359277225e+00
2.455269358510875932e+01
1.528995605498121080e+01
1.398454814596561846e+01
9.393936169882069365e+00
2.572724565297854227e+01
1.398560186911151959e+01
-6.083172242210785896e+00
9.504791603917180254e+00
6.767610116368684814e+00
4.155719891065772664e+00
1.672942711749685429e+01
-1.971494104434001571e+01
-1.487577032061742965e+00
-7.614345983617869518e-01
-6.198286040442331668e+00
-6.896820474252137956e+00
-1.811738409122506166e+00
-2.613088502434142146e+00
1.994159490195335138e+01
-1.059191967805801271e+00
6.459041898226447920e+00
-1.427040924513992692e+01
-1.458177054089135716e+01
-3.519542646478706516e+00
2.490372412162540527e+01
-1.377427401703120324e+01
-6.879236959472714297e+00
-1.236414318483298480e+01
-1.029203889910162140e+01
-1.030087054974284122e+01
9.800030959732206171e+00
5.288370634201392306e+00
-9.242215821947038279e+00
2.181512083649669975e+01
-2.983117086163767695e+01
1.986483257998866137e+01
-6.225443562999229741e+00
5.364970359564047442e+00
-1.313022284342331369e+00
-4.327935810185434384e+00
-1.111788440707676351e+01
-7.731180303451433922e+00
-2.753905783476741576e+01
1.864199603068861677e+00
-1.112771880179780126e+01
-6.894262126084422793e-01
2.147962820218758040e+01
-2.757042734287674435e+00
-2.302691756440435356e+01
-7.809070824417063683e+00
7.165045979033163315e-01
1.397566858961577374e+01
-1.043744376465760837e+01
1.119117049819371523e+01
-3.008779541586092954e+00
-1.916752093950803149e+00
3.178930398252310141e+01
2.858069048279095803e+00
-9.234980133668713620e+00
3.433596095687881444e+01
1.044221605966448685e+01
9.702317920614966340e+00
1.817732073437013796e+01
2.553684003632079325e+01
-1.341464511944635563e+00
1.741830046060551851e+01
-3.822218652264901806e+01
5.183992701927243374e+00
6.228212800651754755e+00
1.157537278676614889e+01
-3.309728433249467372e+01
1.529252469764833400e+01
1.449223483874067497e+01
-7.419354150581566998e+00
6.133932833370339566e+00
4.316380424001552640e+00
5.248266359916494928e+00
4.871908301237492189e+00
1.954367496752298905e+01
1.453126071999681379e+01
4.009619415420749178e+00
-1.584617118796098723e+01
-2.852601188607059024e-01
1.748920143446108000e+01
2.249996311054706055e+01
-1.670147651873908146e+01
2.491399065667822654e+01
4.356904419677129425e+01
-1.739964612161975666e+01
5.687101516421090963e+00
-1.115685993530996001e+01
2.323230090090544309e+01
1.400493078061084473e+00
-1.085191463895852948e+01
-1.204751786755408105e+01
-6.400581946586159532e+00
3.892920348718090562e+00
-1.901845462172632040e+01
-9.885318799726951156e+00
4.847970838862647902e+00
-2.435821957325206455e+01
-9.392984654754790164e-01
-6.671468917897620088e+00
-1.697331881060018688e+01
8.196289346290903666e+00
2.178209631110806654e+01
-2.687869084556361088e+00
9.680279554379094265e+00
7.213426902300179577e-01
-8.158450787702591356e+00
-2.239758050893779107e+00
1.979821441833720641e+01
5.873311452082718098e+00
-5.882219016888507568e+00
-1.556685847654404142e+01
2.737588647206101911e+01
4.070102788480228106e+00
4.311283903768075909e+00
2.072296573373250794e+01
9.906256009444669886e+00
-2.983666829084134875e+01
-2.060072239317446119e+01
1.106172147322467225e+01
-1.936312024240686824e+01
-3.448527069901846431e+01
-1.916816755355728219e+01
-9.189162741951218294e+00
-5.615531065947726441e-01
1.308440722545413415e+01
1.587843547716611958e+01
-4.514010077933050979e+00
-2.118849583263658687e+01
-9.278345272721272963e+00
-2.491094895603608528e+00
1.618282918153276029e+01
9.870261983480148160e+00
-1.852007295821954713e+01
4.803490444301360185e+00
-5.585063922473003650e+00
-2.879446000781608461e+01
-4.820698747285081254e+01
-3.198604584196020895e-01
-3.863711496205643581e+00
-2.490888392235627524e+00
-5.820324133678515643e+00
-1.601945439222513912e+01
-7.841771395584892446e+00
2.613221514107961774e+00
-6.480214064346978553e+00
-1.728889558269080240e+01
2.202334734757814871e+01
-2.223204404479234242e+01
4.917603367296762507e+00
3.043930131939552552e+01
-7.504799918032668771e+00
-1.533023842428785066e+01
-2.585838521375859145e+01
-4.114830002334939341e-01
-1.804079862272631729e+01
2.336585343413153382e+01
-2.822164419606933095e+01
-3.447663420990584626e+01
2.641834330374512518e+01
6.157876259629291305e+00
-1.497157890080554132e+01
5.406769352895291370e+00
1.005391453015008629e+01
-1.218717046909476487e+01
-5.825057219142451004e+00
-1.005362093536929002e+01
1.581551773107703518e+01
-4.304389747631646834e+00
1.929526760458348367e+00
-4.976424872197612537e+00
-5.305763167088900722e+00
-1.371185059844736376e+00
3.755861810400191736e+00
-2.127471910460478455e+01
-7.594072431653539290e+00
3.185318525652063926e+01
2.395813511769410376e+00
-2.157473822241280459e+01
-3.833954306339878570e+01
2.173087917890579135e+01
-7.022975137200570650e+00
-1.240845782330873170e+01
-1.043438137579396630e+00
2.687219737648825557e+01
1.577227152449768433e+01
-2.245987161798488341e+00
7.517630117354607400e+00
-2.338343485612907457e+01
-2.078340478527061919e+01
-2.935954039319724984e+01
-2.816489826632349747e+01
-1.155742295955983678e+01
-1.284856496042297280e+01
-1.894789199109229161e+00
1.408677216116085162e+01
1.975422182126444826e+00
2.865084264229242450e+00
2.746739651540890392e+00
2.322738067383625449e+01
6.118587383459352935e+00
1.807712223456952572e+01
3.558490948614867033e+00
