-7.159856478938918301e+00
-3.653181026024079792e+00
1.451452181118831231e+00
-5.923687790095176986e+00
-1.481795409484322201e-01
-1.744828220939799834e+00
9.428964361569616148e-01
7.267017413579280882e-01
3.628812854472134308e-01
-1.678735963015579813e+00
2.749979872924445345e+00
-5.884207991913639191e-01
2.778758236830552786e+00
1.809110299219646834e+00
-4.017367773844085832e+00
3.886554653640468260e+00
-1.176460057700958073e+00
-1.643812418885802096e+00
-2.383460027256844249e+00
1.981780988650873265e+00
3.462658791349960019e+00
-3.650041431754053711e+00
-8.358799612882812369e-01
-2.138075031613845933e+00
2.600788739767808888e+00
2.568787572886976456e+00
5.987147548612479220e+00
-2.681856008990106233e+00
1.003076781715659838e+00
-6.869573389944051423e-01
6.275657975917279252e-01
3.525493320367254491e+00
4.937462968381552741e+00
1.830620735350239947e+00
-9.085875091705505335e-01
-1.102323730388966139e+00
2.765551326976227298e+00
-5.272221633268045160e+00
-4.607330728610877557e+00
-4.105779362604217830e+00
-2.153687148312973254e-01
-2.062156391354291962e+00
2.052628140992361239e+00
-1.229746296240296743e+00
3.655012436971765144e+00
-3.506015726964502033e+00
-1.338867824856956990e+00
-1.213317065393012956e-01
3.776828947571504003e+00
-8.968414642915543133e-01
9.082421905416865338e-01
1.598658301496905576e+00
-3.215167330852613858e+00
-4.300366007700873183e+00
-1.184169918086357187e+00
5.081063433814211550e+00
-5.811543930323225249e-01
-2.093052408323949898e+00
1.640176327785182853e+00
5.093914786233227687e+00
3.971002457299223742e+00
2.877006710310747728e+00
2.599926493946451700e+00
3.423794484277573158e+00
1.737262699745153016e+00
-1.353144265296737370e+00
1.822071055400157125e+00
8.088734417974028368e-01
2.296884984879290492e-01
2.915352188982000214e+00
-3.316082113565710365e+00
-4.128781639883141730e-01
-5.757891456515079609e-01
-1.025118892195876763e-01
-9.020137077247534219e-01
9.689071194595594294e-02
-1.798077633892117388e+00
2.583989043604443925e+00
-1.150288554809723696e+00
9.431069699500991277e-01
-3.073910448072084467e+00
-2.782300495219526049e+00
-2.274177960753449856e-01
3.342826512108339365e+00
-9.800462940093332964e-01
-1.487624260211710014e+00
-2.821532079886758027e+00
-2.324146245379760778e+00
-3.299587887473897752e+00
1.107733635840688846e+00
3.914010522846182449e-01
-2.688099258038508133e+00
4.703011466148235620e+00
-5.294786205625420905e+00
4.097922195857803374e+00
-1.301163598180982373e+00
3.247189075771153455e+00
4.466340794072514164e-01
-6.047789842956977080e-02
-1.323362703195052781e+00
-2.329750444678874821e+00
-5.805689608486884978e+00
-2.143101838197288833e-01
-1.396846149175155816e+00
-1.544345479898550644e-01
3.419583947605504548e+00
-5.289519135276268269e-01
-4.209335562260531738e+00
-1.089311195407932864e+00
-1.229958199604208602e-01
3.389587270250388862e+00
-1.704654170894156717e+00
2.197773255965682182e+00
-2.415741260944675450e-01
-5.083187509941859972e-01
5.297351734285433267e+00
-5.567100555150648888e-02
-1.834134877970357902e+00
7.086246153288526806e+00
1.952653823670653654e+00
1.698167762797755387e+00
4.041510738866024077e+00
3.717215048443107683e+00
9.777867467787945133e-01
4.031390458424572110e+00
-6.042073894656651234e+00
-4.911937489439820448e-01
4.488495181627798480e-01
1.951679121492084334e+00
-5.943176548716436081e+00
3.605600253776136910e+00
2.483027660520632729e+00
-1.099135179092151304e+00
6.689226189428126856e-01
5.234365676993464334e-01
1.707028014279609263e+00
4.088440645221872449e-01
3.262749291197249768e+00
3.147045738089641276e+00
2.753822865259372143e-01
-2.994265487510567425e+00
-7.076892368621736651e-01
2.156357628888590394e+00
3.833408479815159531e+00
-3.703387090454916653e+00
5.639938823176004590e+00
8.867170629232800749e+00
-2.206459879524082623e+00
1.072144587670887939e+00
-3.106024201380904515e+00
4.097951790157739360e+00
5.569431614337880809e-01
-3.027170153674602293e+00
-1.607021163641773054e+00
-2.148558303939489988e+00
-1.383820675626822316e-01
-2.393063624996714545e+00
-2.044154133053304179e+00
-2.832228734513572710e-01
-5.057855650129535974e+00
-9.352920003298188512e-01
-4.568832162617896264e-01
-4.453899383990078675e+00
2.162007941074177264e+00
3.614402620199379079e+00
5.081281670936320660e-01
2.167915166465347543e+00
-1.043717527663456712e+00
-7.623591511900089657e-01
9.723885801533991291e-01
2.294128851727036178e+00
1.623780161672849776e+00
-1.812379123742114739e+00
-4.028520173455769182e+00
5.114054806859484437e+00
-8.879100646533505392e-01
5.699937685306856183e-01
4.289351029752673128e+00
2.597859686047934602e+00
-5.526040424138772167e+00
-3.780568402221514468e+00
2.740407797527183664e+00
-2.614565189488661900e+00
-6.301466997467885633e+00
-3.078681809147353121e+00
-2.832002836493751730e+00
1.020149136391757944e-01
2.735521402890775278e+00
2.477487453749738666e+00
-1.413103716558180567e+00
-4.318395227017306048e+00
-1.612317589185473743e+00
-9.011306682716410110e-01
3.655013109564490215e+00
3.103937167520959051e+00
-1.578632977833173801e+00
-2.036412655771567548e-01
-2.442321384945190132e+00
-5.386804056076405445e+00
-8.622297764603073844e+00
1.038451580468399138e-01
-1.565530775074532865e-01
5.409139304061592046e-01
1.172890617461942453e+00
-3.077702763564160282e+00
-1.868194167593432153e-01
1.839183469460271780e+00
2.801664066326167157e-01
-4.013014705549828420e+00
4.580798566162324725e+00
-3.338890967117735364e+00
6.800788266970261287e-01
5.503949162138433771e+00
-2.186865908617281029e+00
-2.347781438138175414e+00
-5.764359686630985635e+00
-1.114309397408425273e+00
-3.235296531437384271e+00
4.151576858796087066e+00
-4.329359343863499632e+00
-4.847060064733030416e+00
5.435658167544382025e+00
1.877475475112865722e+00
-2.762838164215101866e+00
1.963933682663335567e+00
2.824094454622388284e+00
-2.138179193168180614e+00
-9.580219228736752690e-01
-2.159390322201240053e+00
2.558687265385798604e+00
-1.316637388740607317e+00
1.089860865751680175e+00
-7.553845433406715104e-01
-1.173567591825994905e+00
-5.813025027338971640e-01
8.883869485581952219e-03
-2.442119575263100195e+00
-2.538333463574920401e+00
6.476903101804971641e+00
-5.796756389945428856e-02
-5.631698091123865879e+00
-6.717660268944219304e+00
3.128222889255405370e+00
-1.631837972635295841e+00
-2.672821848974444414e+00
-1.236684295622171165e-01
5.429972674422232970e+00
1.860806990117474413e+00
6.156380040238411677e-01
3.519565452243152759e+00
-3.383535569982962343e+00
-4.085890688762456868e+00
-5.298060879416638613e+00
-3.952244716385427292e+00
-2.466080027957668008e+00
-2.176941262369248342e+00
7.215715616956173140e-01
2.338847808568450315e+00
9.178796761626426548e-01
9.395618629339761441e-01
1.163692784076109765e+00
2.611172541261809421e+00
1.265674406761170045e+00
3.526955985810571015e+00
-4.130730285606376562e-02
