

gen best mean std best_sol
0 12.595604 -1.217318 7.893258
1 12.594646 0.953623 7.565284
2 20.842219 7.336638 8.926557
3 25.503608 13.673745 5.994273
4 20.842219 11.477768 6.010079
5 26.040067 16.332411 5.987556
6 34.571855 20.873047 7.711009
7 30.245335 22.645203 8.012857
8 30.262602 25.961467 3.183196
9 30.252386 27.138799 2.218297
10 30.260372 27.278185 2.06543
11 30.251217 27.27727 2.064109
12 48.664714 29.616683 6.642837
13 49.386905 32.20978 8.5696
14 49.392959 32.68389 8.315172
15 49.433468 34.469546 7.836205
16 60.732812 45.915512 9.645319
17 60.161018 48.636467 6.894007
18 59.484218 44.615203 10.471324
19 60.728706 48.070244 5.446353
20 50.056877 42.845858 11.960151
21 49.433468 42.323348 9.789761
22 49.414456 39.807045 12.844885
23 48.877625 37.981694 11.131129
24 48.664714 32.448331 16.722026
25 48.581505 33.337516 14.037832
26 43.238003 31.590307 13.933221
27 40.861918 30.890058 13.4548
28 40.845163 28.371418 13.802613
29 37.596245 24.981187 14.524211
30 36.092638 26.386989 11.123333
31 36.095924 28.560015 7.959239
32 42.801156 31.703064 6.995881
33 42.549033 32.573269 5.968407
34 42.520134 34.699467 5.010762
35 42.595372 34.706991 5.022542
36 42.667812 34.714235 5.033953
37 42.555739 34.703028 5.016328
38 42.632209 35.210059 4.155878
39 41.824718 30.464505 12.227404
40 36.095924 26.911149 14.226822
41 36.058291 25.371026 12.093475
42 34.642373 22.640577 15.502973
43 34.641945 20.617988 13.511102
44 34.188453 19.991147 12.897878
45 39.442193 25.184122 9.608596
46 34.188453 22.556849 11.266421
47 34.47998 26.810404 6.196202
48 34.496045 27.121953 5.723538
49 34.188453 23.462542 10.748946
50 33.108299 22.099732 10.382526
51 29.473809 21.472925 9.815075
52 29.434567 23.023276 8.18863
53 29.412988 22.191651 9.669538
54 37.204467 29.068409 3.684078
55 34.811139 27.056077 7.940973
56 34.815788 28.54779 3.995911
57 35.06955 30.925334 2.725868
58 34.815788 30.152027 2.655688
59 33.035224 26.134685 11.423097
60 32.976006 28.34316 2.736499
61 39.787364 29.974902 3.943096
62 39.74877 31.401517 4.078234
63 39.804006 31.407041 4.089558
64 38.24397 30.915484 2.723466
65 32.976006 26.503125 10.861202
66 30.585445 24.298002 11.766497
67 46.717917 31.183704 5.283368
68 46.794091 31.191321 5.305767
69 30.585445 27.784113 5.826378
70 50.510188 32.26514 6.153548
71 50.497502 32.263872 6.149787
72 32.716748 29.704912 1.853673
73 32.76985 29.949251 1.298757
74 57.15372 34.226936 8.446591
75 57.170386 34.228602 8.451115
76 57.15613 34.227177 8.447245
77 42.079306 29.757001 6.797448
78 55.413659 36.648488 10.009218
79 55.368572 33.465278 8.58777
80 61.265596 37.361861 11.107896
81 61.340333 41.401727 11.395643
82 61.370073 43.298648 10.967563
83 61.322096 44.463533 10.107189
84 61.309772 48.649313 6.844292
85 55.368572 46.186752 6.604348
86 55.22141 49.096632 6.325834
87 55.196448 51.820165 2.665606
88 55.37399 53.055605 2.515728
89 55.433329 53.190998 2.349137
90 55.400633 53.594887 1.943158
91 55.938785 54.340482 1.372668
92 57.041922 54.816203 1.401808
93 57.037552 55.290546 1.261047
94 57.037552 55.763886 0.882009
95 72.838848 60.354317 6.417834
96 72.838848 58.463192 5.212527
97 72.879389 58.829956 4.898319
98 72.866377 59.825144 4.706658
99 72.87077 60.641316 4.501893
100 67.034615 60.059498 3.007833
101 67.050994 60.457134 2.843461
102 67.082628 61.650373 1.816982
103 67.072249 61.770984 1.772255
104 67.537856 63.101245 2.803092
105 67.531411 63.128946 2.783883
106 67.524925 60.100651 8.078816
107 67.072249 58.852607 9.612961
108 67.359878 63.152102 2.684206
109 67.330849 63.177606 2.661103
110 67.420717 63.787635 2.857523
111 73.617488 65.028052 3.953855
112 67.476842 64.400081 2.92694
113 67.420717 64.429632 2.881349
114 67.55299 65.633863 2.66265
115 67.539849 65.63294 2.661102
116 67.533215 66.230409 2.318391
117 67.546441 66.231731 2.319138
118 67.657488 66.838613 1.748593
119 67.612198 66.834084 1.746523
120 67.63186 67.433311 0.155769
121 67.585101 67.472979 0.092213
122 67.67678 67.508763 0.094887
123 67.585101 66.89601 1.783897
124 67.566192 64.448857 7.328484
125 67.547359 65.620455 5.552089
126 67.546441 66.8386 1.891915
127 67.534594 64.443144 7.27754
128 73.120915 68.08826 1.681532
129 67.755988 63.517959 12.168498
130 67.854525 67.670361 0.099004
131 67.799458 67.691953 0.068656
132 73.946099 68.325469 1.874606
133 73.833169 67.676694 2.817278
134 73.767848 68.304772 1.822274
135 73.814165 68.324984 1.830403
136 67.799458 67.10329 1.836027
137 67.785275 65.907305 5.442041
138 67.832258 67.73238 0.047708
139 86.469038 71.488232 7.485167
140 86.44767 72.101412 7.395623
141 86.44767 70.847008 6.36641
142 73.906216 69.582246 3.928249
143 73.899532 70.783235 3.012248
144 73.959507 72.023233 2.75486
145 73.899532 72.617767 2.413655
146 73.91347 73.836731 0.065397
147 73.935368 73.842101 0.063418
148 73.942553 73.862052 0.042443
149 73.899532 73.860165 0.025887