1.733642652695804998e+01
-1.975183375963101184e+01
-1.110518675965632518e+01
1.017506947873283352e+01
-4.485456608018731117e+01
-7.633758227070984503e+00
-1.136411603398190628e+01
-9.502592797420374993e+00
-2.027296131861396589e+01
-9.946307374261959211e+00
-1.559003452437060488e+01
-1.600655546572288301e+01
-1.317454744487376139e+01
3.494669861485044748e+01
-1.141617726807991318e+01
8.726717940885128755e+00
-1.250912884147970594e+01
-1.152827923700960655e+00
1.038032636816968690e+01
7.994738317372036995e+00
-1.864678611533584629e+01
-6.459450896764344918e+00
4.737586427478418516e-01
2.199491813199465540e+01
7.155504360332327174e+00
1.724771974654825613e+01
1.444308740715546513e+01
-3.857320609769517006e+01
-1.018912782415323726e+01
-5.990629041655107123e+00
1.122224213627667133e+01
1.199700890346664117e+01
-3.612492598947499545e+01
3.226338230856080180e+00
1.734013340372041867e+01
1.054499515825128775e+01
1.930420753938494727e+01
-5.304845576583301359e+00
-1.628006690533550938e+01
7.076116586694397803e+00
1.325433720671494164e+01
-1.145399349647026455e+01
-6.033634520871590468e+00
-2.473711305994612886e+01
1.443293602611042736e+01
6.613376678230085126e+00
2.375941356604642607e+01
-9.654043811266896924e+00
-3.087357156954630977e+00
1.217058139614497492e+01
-4.629382277728050887e+00
2.306190777608577136e+01
2.230024126626040726e+01
-2.086860924185652522e+01
1.035699358363761391e+01
9.108874101409030644e+00
-6.885978198372887382e-01
1.540197863479961349e+00
-1.280170789798839515e+01
-1.284907399904616909e+01
2.390133171599222450e+01
4.427777133003647947e+00
-1.400956663888635134e+01
1.088913471394304366e+01
5.683244257265374522e+00
-1.891556955907011339e+00
-4.348550960379281349e+01
1.776251994232013853e+00
6.346726593365150215e+00
1.615313410843012321e+01
-1.594616914922293027e+01
1.882845802713586281e+01
-1.976465030493019359e+00
6.204312302730603079e+00
-1.225427976450155043e+01
-3.691536673181485817e+00
-1.452634359938890540e+01
-2.314271392295838226e+01
-3.246591195142688679e+00
-1.113176862661873656e+01
-9.907389838394518478e+00
-1.842982443624695676e+01
1.863161417915648954e+01
-6.488846903889116113e+00
-1.745482191998905463e+01
-2.072485063009963380e+00
1.549532081699713615e+01
1.287927736051736716e+01
-1.274306654742844991e+01
-1.087802931077063739e+01
1.976030522167620518e+01
4.560821326628423655e-01
-1.280366192329322317e+01
-7.001334989486299953e+00
6.069261006406956760e+00
1.040113621068173799e+01
-2.344864669933678769e+01
-1.464860573604024019e+01
-1.143370916624326483e+01
-2.587130712727880422e+01
-1.359297613743239630e+01
-6.385721299240458393e+00
3.317617756063892642e+01
3.225611951752920703e+01
5.172702157154203118e-01
8.972826198650215801e+00
9.358078207288052397e+00
2.626544869334599142e+01
9.576853310166262290e+00
3.366660163115028581e+01
2.337455099153153881e+01
-8.039065097085124734e+00
1.842058881771675516e+01
-8.345895105846564022e+00
-6.802625831088159103e+00
2.636807321124117109e+01
1.162267188056001110e+01
5.889363703564377550e-01
1.419404771565802648e+01
5.758846305568134483e+00
6.961999418617229596e-01
1.723891468781156178e+01
1.858475717821320572e+01
2.328287073694427001e+00
-1.545669493061343402e+01
1.241844756972208330e+01
-9.832418313539101007e+00
4.090218198623175039e-01
-2.096281441456502037e+01
-7.909877666569081534e+00
3.344305417524052970e+00
6.455996637455641896e+00
7.220175045914698941e+00
2.413925301969655379e+01
-9.848029871970721771e+00
-3.092517589482096341e+01
-8.783715768982757410e+00
8.050787063762980367e+00
-2.278624261904551673e+01
-4.329002781055341309e+00
9.577979056245158773e+00
-1.464586297418108973e+00
1.646323825802575058e+01
-1.660884828470060626e+01
-6.585306344653813149e+00
-4.605606069875095443e+01
4.373707860376268020e-01
-3.172739386359822333e+00
-2.711382731886907393e+01
-8.717102813619510115e+00
-6.848706019392792221e+00
-2.359635193417786070e+01
1.392091872127633678e+01
2.046226324471561053e+00
9.474485142938636528e+00
2.548966668043933792e-01
4.542252311897256867e+00
-1.170296476273745334e+01
2.033405968775019801e+01
1.218253892952586170e+01
-4.708233650095380085e+00
-8.885523012871765047e+00
1.527452806767541915e+01
-1.507946129318380812e+01
2.212114077157584546e+01
-6.925070677231175864e+00
-1.166495803240511719e+01
1.101053376416624197e+01
-4.086432103426440143e+00
2.030436559655799833e+00
-2.370263835655207885e+01
-8.016001886462087000e+00
1.578893452396730623e+00
-3.407213962662674067e-01
-2.324813447131070987e+01
7.637842946325511306e+00
-3.547525668064140802e+01
-5.745663674919201824e+00
6.081194882172050065e+00
1.484285181595739189e+01
-3.886404178355604699e+00
-1.281579109845569331e+00
1.601959894173712229e+01
-1.179051039809108747e+00
-7.956605974379314938e-01
2.741130559114234799e+01
2.818624063849774686e+01
4.912244795935490238e+00
3.411960023404465403e+01
1.569293931604665282e+01
9.384335518800616116e-01
-1.043439984581008773e+01
5.513586780762945061e+00
-1.249901618136509462e+00
-2.618127871550209917e+01
4.435751260930389073e+00
-2.608473144061280635e+01
7.631029773423135154e+00
-1.865702140910068962e+01
-1.422305415295211439e+01
-4.424280379291976928e+00
3.198110082011043431e+01
-8.743617062951297925e+00
2.115173052505694429e+01
2.564919055847525087e+01
1.173014113027341132e+01
4.041100430942279331e+00
-1.170975767244112475e+01
-1.079527225122486733e+01
1.177071284130506790e+01
-1.550594571829497070e+01
-1.596020656488740919e+01
2.221662924974275199e+01
1.414708713866327372e+01
1.313530072002343374e+01
1.718629689509221237e+01
2.571886555082904735e+01
1.202285126574582197e+00
1.301918983159753118e+01
-1.936469663163062016e+00
-5.427729018955735896e+00
1.609001737645994190e+00
-2.296508027882912018e+01
2.256611735755181414e+01
7.919336478379134903e+00
-3.342653095823462905e+01
7.337290938859825085e-02
4.750471195870366259e+00
1.735639829313346993e+01
1.510365099392898180e+01
-7.959129800127454857e+00
-9.848656921729698865e+00
3.261912661488764353e+00
-5.838572654560818087e+00
1.653071005403345239e+01
-1.254010452434077649e+01
-1.189839737466222047e+01
1.836099751057954066e+01
-1.445357277892069980e+01
4.915736708179523795e+00
9.803152107317927744e+00
7.517715613012138753e+00
-8.159175890995342684e+00
4.406226799323457399e+00
2.085736778132797653e+01
-9.624702724744002680e+00
3.560016565571964264e+01
-3.467431748205653719e+01
8.348657310569350898e+00
-3.564859452297257203e+00
-7.461865713836553837e+00
2.660406775170260119e+01
3.515690079171093885e+00
2.451747964799936597e+01
3.806479003763840296e+00
-1.530633870996960866e+01
-1.283051852747342458e+01
-1.978362612282160171e+01
-1.529262929854306208e+01
-4.368708981576958195e+00
1.585936314734718344e+01
-1.716501071147362723e+01
-1.541083786267855693e+00
5.724595152932661968e+00
2.345006026973458280e+00
