-2.220088157418261687e+01
-2.083204527593376820e+00
-1.706922572050031306e+01
1.080330628591513786e+01
-1.990116100007351729e+00
6.507335397998483373e+00
6.135399342656263855e+00
-1.218139597348965530e+01
2.500715940062363529e+00
6.307242428378936339e-01
9.528505279254892102e+00
5.711808799066471209e+00
-1.311302202548603724e+01
-1.090506581529587571e+01
3.272165235841911546e+00
7.120269497522794033e+00
1.111791505746190678e+00
4.114961031041731943e+00
-5.446112371213247982e+00
1.564786641652086807e+00
6.553499825102120369e+00
1.954697412540461920e+00
-1.180299729827136934e+00
3.253405998306813096e+00
1.460504801354729132e+01
9.159620860372998052e+00
8.877066878385845072e+00
-6.013188398341945629e+00
-1.351209884237984715e+00
-9.026366588141971903e+00
-1.301375647940088598e+01
4.652615945236758255e-01
-6.056199598961622854e+00
9.357248239486033015e+00
1.019578131210703731e+01
4.525027580204832311e+00
1.791257404173303769e+01
4.379881971473819746e+00
8.838531393707537376e+00
5.676666159163944236e+00
1.057471949107103093e+01
4.432572358170597582e+00
5.669402324888895839e-01
8.458081332890683868e+00
-5.426628012555010372e+00
-1.972419194439905610e+01
-1.524158985213222017e+00
-3.705420445265386054e-01
2.027278363012527063e+00
3.136310142590258199e+00
-9.497321523273535959e+00
5.085513850982442685e-01
1.558510564225660699e+00
-1.782241340040983391e-01
6.083424919624173810e-02
-4.355427085752650918e+00
4.047417831697128321e+00
6.574306296578617648e+00
7.112741798336778665e+00
2.155231065947627922e+00
-2.322873727720920378e+00
-7.236804540952731735e+00
1.616684237203379892e-01
-1.116583088045572048e+01
1.991240007322371852e+01
-6.376874694361845286e+00
2.526189690719634839e+00
-1.012482717650648567e+01
-7.234836722833120959e+00
3.933700626563917613e+00
5.310693908134764385e+00
-5.716612390796807830e+00
-2.148721556547238676e-01
3.658994775830471280e+00
1.603651798584482790e+01
-3.565038711879531252e+00
5.351595443765557292e+00
5.505591211617336000e+00
6.233378926114540697e+00
9.889269207836463238e+00
3.422955382588415141e+00
-2.551821696400039308e+00
-3.002899019013885340e+00
5.338246984694467123e+00
9.514054773588431768e-01
-3.823925816986260440e+00
-1.121893376505143713e+01
1.151297506728475106e+01
-6.664610868456460224e+00
1.110121700841861347e+01
1.378163223623715972e+01
9.661825551476670437e-01
3.286212111683484149e+00
-1.399173379629905511e+00
-1.059536239627712462e+01
-2.107882653027474795e+00
-1.125591409179373237e+01
2.708215991339931961e+00
-6.250413206302271263e+00
4.651401154927338411e+00
8.826912203332813789e+00
-4.097322824707023692e+00
2.597304269263980281e+00
9.036588111342615248e-02
-4.851068806295839586e+00
-4.010191935605942337e-01
1.016848225446929632e+01
-2.412988675194225885e-01
-9.495052848186562144e+00
1.969117796445738033e+00
9.435072811653093083e+00
-4.851076460653339417e+00
-3.379795988565124976e+00
7.316924749346659596e+00
1.318846004305086028e+00
2.787745441099982457e+00
5.507186119179815265e+00
-1.437027530011540044e+00
1.365324549299489831e+01
-7.056931390631893564e+00
2.228713360532033949e+00
6.499955112636543575e+00
-1.045059193962681832e+01
-5.747886269577656471e+00
1.154187587450401331e+01
-1.161491014138446243e+00
-5.148977369950271665e+00
7.394559293810876177e+00
-2.699267916531215672e+00
-1.040521308960377489e+01
7.540128950255922113e-01
-1.653491801319802690e+01
-8.043352061482588411e+00
-7.967795148863651811e+00
-5.845076648297074406e+00
-7.454833803525205305e+00
-1.893931017922761306e+00
-5.997505114896567235e+00
-5.011957786181406860e+00
6.582066979355094993e+00
1.375443381429333201e+01
6.958788847106562869e+00
-7.975633761742662031e+00
-7.852854653496551540e-01
1.829261629762070029e+01
2.760111365862947697e+00
-7.372937537006079900e+00
8.955538918692913519e-01
-1.909604274825171144e+00
2.079369451089638776e+00
6.934929740552028044e+00
-6.543585689284044271e+00
4.225302527548691955e+00
1.109987634208006213e+01
-2.208796254941356008e+00
-8.960907114841910825e+00
1.181967606363075518e+00
-3.180111664078209444e+00
-1.254423996076361547e+01
3.417600399315504855e+00
-9.351863160343095061e+00
-4.893444172595577513e+00
-1.056873778761214311e+01
-3.603009783734079097e+00
-1.218542810445037983e+00
-9.121292736459068351e+00
7.510384407628095005e+00
-1.830856868070721566e+00
2.242825860688380857e+00
1.790673832093929940e+00
-4.304328858863826213e+00
5.310677608980753028e+00
-8.803960117773570460e+00
5.755703862103141333e+00
-9.923082492301647406e+00
4.398563444932983124e+00
1.571198952852392194e+00
-1.292745776078758624e+01
-8.295266009157417741e+00
2.241648880605766170e+00
6.416143039061731557e+00
-1.401415764188154789e+01
-5.787207426384648468e-01
-1.757200700058608511e+00
9.822480443232120551e-02
-1.679541132700762063e+01
1.727275221684342998e+00
-2.837555167844576509e+00
2.972308850853776718e+00
8.539703109161692396e+00
-1.222193951478852547e+01
1.286223098310821733e+01
-6.532899685576410986e-01
-5.810650999420903240e+00
-1.928872131102331355e+00
1.981339959469252321e+01
-7.552234850382313347e+00
-1.002924515230221303e+01
1.706952535659500780e+00
1.102474564884366348e+00
-1.277264412513017477e+00
3.992350444626112438e+00
-1.049344956481304436e+01
5.044932946029698911e-02
7.524460384561217907e-01
3.737811016009767950e+00
1.094202251589732633e+01
1.918642843313050239e+00
-6.005154691654751353e+00
-1.700659885225612911e+01
-5.929991212622987007e+00
-1.166651016600306967e+01
8.353426154549747906e+00
2.736734880326890718e+00
-4.833410037232980905e+00
-1.650593374646212652e+01
5.684948483732669366e+00
2.892036262005006630e+00
-3.821749786322057751e+00
-4.965458439051030126e+00
-5.340997856038590674e-01
4.897961068786996108e+00
1.240798455585857996e+00
1.471438477887185492e+01
4.137729148238455501e+00
-1.233891445666005104e+01
8.276744774496851420e+00
4.043460975043887018e+00
-8.832678296081438063e+00
8.022310701116010634e+00
4.580149096976859013e+00
-1.506368662122710811e+00
-4.192577113469607708e-01
4.282667942383412196e+00
8.923451635272691362e+00
3.539177185405752102e+00
3.399823216428712769e+00
-1.301902652623647860e+01
-2.005211909473404663e+00
5.785168989519625882e+00
1.057420799157305247e+01
-2.230326384877473256e+00
5.591071080484878664e+00
1.318104401346505128e+01
8.556671190547008976e+00
-2.577716264193193663e+00
4.459272858081829938e+00
1.477520047185461394e+01
1.137345138599311589e+01
-1.467963293755783161e+00
6.443302809919234875e+00
1.273579184433578781e+01
1.876191409668502885e+01
1.355147597550747030e+01
2.608095220616013954e+00
9.713311371804030259e+00
-4.609265278882681116e+00
-3.500479001076134189e+00
6.302376367707470672e-01
4.467759815173292459e+00
-5.039406311167307528e+00
2.156195549109921838e+00
4.237023702421365279e+00
-1.822034372867950003e+00
2.709268807336009388e+00
