

gen best mean std best_sol
0 -5.586269 -6.381953 0.843848
1 -5.586269 -5.606982 0.02702
2 -5.573386 -5.589932 0.008838
3 -5.573386 -5.58353 0.009858
4 1.795183 -4.837324 2.210836
5 1.795183 -4.836529 2.210571
6 1.795183 -4.134726 2.710123
7 4.199067 -3.157481 3.623257
8 1.795183 -4.239668 2.784867
9 1.795183 -3.694095 2.755471
10 7.15153 0.086595 4.864132
11 7.114569 3.111799 3.656204
12 7.114569 5.971862 1.411815
13 15.003428 7.500288 2.532174
14 15.69507 8.601393 3.392888
15 17.315224 11.665728 4.568664
16 17.097131 13.337292 3.130269
17 20.452141 16.257019 1.59735
18 20.452141 16.623978 1.38294
19 20.855041 17.343594 1.713282
20 20.855041 17.479872 1.629553
21 20.855041 17.479872 1.629553
22 20.855041 17.833752 1.622167
23 20.452141 16.325593 4.691476
24 19.417515 15.937087 4.24723
25 19.392274 14.575118 7.016178
26 20.140231 17.518101 1.341926
27 19.392274 16.607254 2.129843
28 20.147996 17.959189 1.409784
29 20.147996 18.299719 1.430657
30 26.031116 19.251445 2.607588
31 23.904594 20.155834 2.254099
32 24.339145 20.883187 2.312355
33 24.339145 20.883187 2.312355
34 23.904594 21.335878 1.842534
35 24.329898 22.82389 1.60853
36 24.329898 22.812849 1.452004
37 28.058256 23.975721 1.5536
38 28.058256 23.975721 1.5536
39 28.781463 24.668085 1.948146
40 29.331683 25.938103 2.441988
41 29.331683 27.06328 2.240946
42 29.331683 27.807479 1.764297
43 33.728794 29.595013 1.92082
44 33.728794 29.671989 1.869424
45 32.883479 27.546117 5.689906
46 33.004018 30.203076 1.579332
47 32.883479 29.70938 1.386464
48 36.54226 30.777386 2.298676
49 36.54226 30.951015 2.211669
50 36.576267 31.722045 2.650772
51 36.576267 31.722045 2.650772
52 36.576267 31.722045 2.650772
53 36.576267 31.722045 2.650772
54 36.54226 30.928412 3.969383
55 36.162129 31.173018 3.2759
56 36.138609 29.861083 6.646104
57 36.159858 32.357877 2.655256
58 36.138609 30.27702 6.893927
59 36.138609 32.388174 2.011452
60 33.982257 30.32298 6.608565
61 33.975433 31.164742 2.714785
62 33.975433 32.186541 1.215695
63 33.975433 32.82694 1.126809
64 36.137547 33.811772 1.397287
65 36.137547 34.075516 1.128803
66 36.137547 34.28017 0.96903
67 36.137547 34.609912 0.996283
68 36.137547 35.039445 1.059821
69 36.137954 35.475703 0.965194
70 36.137547 35.683899 0.848103
71 39.558757 36.47241 1.028849
72 36.152365 35.665878 1.403911
73 36.151479 36.13491 0.010633
74 36.151957 36.139402 0.008415
75 36.151479 36.135956 0.009548
76 41.843119 36.710707 1.710822
77 44.66908 37.566466 2.914161
78 41.843119 36.828218 2.089547
79 41.801009 37.376839 2.46226
80 41.801009 38.039991 2.000964
81 39.472538 38.169508 1.588968
82 41.860991 40.185213 1.095702
83 44.624979 41.178048 1.606404
84 44.624979 42.18843 1.412515
85 44.624979 42.435998 1.096127
86 44.730781 42.745838 1.255533
87 44.965841 43.632728 1.348726
88 44.730781 43.479588 1.280019
89 44.970379 44.095222 1.092672
90 44.966324 44.363959 0.934398
91 44.966793 44.823587 0.14375
92 44.966324 44.578846 0.918549
93 44.966324 44.743376 0.432171
94 44.963558 44.307001 1.730203
95 44.966513 44.962264 0.002341
96 44.967417 44.964545 0.001403
97 44.967417 44.964545 0.001403
98 44.970305 44.965971 0.002065
99 44.970305 44.965971 0.002065
100 44.970305 44.96606 0.001976
101 44.970305 44.96606 0.001976
102 44.967417 42.056116 8.728417
103 44.967417 44.3539 1.22292
104 44.966895 41.306006 10.82903
105 44.966513 41.436924 10.357996
106 44.965246 44.327478 1.613899
107 44.965246 39.509262 15.056069
108 44.964447 39.620453 15.584582
109 44.967561 44.830442 0.109749
110 44.964447 44.224767 1.779713
111 44.963558 41.002306 11.372765
112 44.963558 39.726017 15.122917
113 44.748643 39.50538 15.71712
114 44.748643 44.744844 0.002959
115 44.964722 44.767298 0.065856
116 44.968227 44.813699 0.100305
117 44.967754 44.836784 0.106252
118 44.967561 41.421932 10.35003
119 44.967561 44.92472 0.084908
120 44.967561 44.967517 6.6e-05
121 44.967561 44.967546 4.3e-05
122 44.967561 44.944293 0.069804
123 44.970379 44.967842 0.000845
124 44.970379 44.96894 0.001381
125 44.970379 44.969191 0.00184
126 44.970379 44.946192 0.070446
127 44.970379 44.969164 0.00134
128 44.970379 44.969179 0.001322
129 44.970379 44.969713 0.001077
130 44.970379 44.96998 0.000808
131 44.970379 44.970247 4.4e-05
132 44.970379 44.970247 4.4e-05
133 44.970379 44.970247 4.4e-05
134 44.970379 44.970262 5.8e-05
135 44.970379 44.970291 7.1e-05
136 44.970379 44.970306 7.3e-05
137 44.970379 44.970364 4.4e-05
138 44.970379 44.946829 0.07065
139 44.970379 44.970379 0.0
140 44.970379 44.970379 0.0
141 44.970379 44.970379 0.0
142 44.970379 44.950687 0.059076
143 44.970379 40.076422 14.681871
144 44.970379 44.970379 0.0
145 44.970379 44.970379 0.0
146 44.970379 44.970379 0.0
147 44.970379 44.970379 0.0
148 44.970379 39.832584 15.413382
149 44.970379 44.970379 0.0