-1.839201113160832222e+02
1.032919695489426317e+02
1.597428346112243673e+02
-4.304047279599437275e+02
2.686349504259253536e+02
3.888557804058298757e+02
2.276759166802597179e+01
3.505558437393978011e+02
2.361800606290092048e+02
-1.139225661531099476e+01
6.204116348737330355e+01
-1.159885728633170885e+02
3.825862666067310442e+02
-3.914007285106544831e+00
3.180822714611119650e+01
-1.398029743089043109e+02
-2.956515046060307554e+02
6.731543159390714948e+01
-1.420809964479938685e+02
-6.226567203492020042e+01
4.151059860904721859e+02
6.628034285053114161e+01
-1.564432549551553109e+02
-1.617263118625774609e+02
-4.133927269541578084e+02
-4.753800436190006167e+02
-2.032288013521711889e+02
-2.223973947094924597e+02
1.534544258056771753e+02
3.825993328062118337e+01
2.044084364140051377e+02
-4.457158403809885954e+02
-2.700957078844420067e+01
-1.009923040201856850e+02
-2.792588121421343885e+02
2.101257943023904033e+02
3.760154240263133119e+01
6.249592637735327116e+02
-3.048313791359365155e+02
-4.844233429867031049e+01
2.599829606563692153e+01
2.769332156898670405e+02
1.997153696504943241e+02
-1.713874454079798966e+02
9.725464858509343458e+01
-1.352787887074321702e+02
7.206086565234689090e+01
-6.146242335732681568e+02
8.371836906047535365e+01
-5.476020565351617364e+01
3.530907636126105587e+01
1.687843050856139939e+02
-1.204777262941214957e+02
1.463179255779441235e+02
2.444077556004189944e+01
6.080314343667837562e+01
1.477478792486871839e+02
-4.834369795343516074e+01
-2.780116152813027384e+02
-4.349076561935578411e+01
2.871645164974067939e+02
1.959046071165761873e+02
-4.696340514837875162e+02
-1.727516177099607262e+02
5.670817333333729238e+01
-1.831831619292585458e+02
2.311174808918799499e+02
-1.702773948220143438e+02
-3.006649482438820087e+02
-2.767246869108784324e+01
-1.839903173074825702e+02
6.199772579041876952e+01
2.568122652427713959e+01
-2.585190105340418754e+01
-2.788590590978833816e+01
-3.569779054711121802e+01
-2.005089470045184896e+02
5.894640759006842501e+01
-2.580709091660547188e+02
4.096534507564438741e+02
-1.473971220634680890e+02
1.098859914103738902e+02
-8.734822437155793295e+01
-6.813962795513954518e+01
-4.778283605366524966e+01
-4.480076731907162468e+01
4.591227859659543356e+02
2.603532145804777542e+02
-4.045607697712297579e+01
9.464708056431945238e+01
1.033509993832014544e+02
2.198218836715180924e+00
3.741108829714630701e+02
-5.281383904740694391e+01
2.256808120609257884e+01
-8.081841790577063023e+01
1.355823617257615297e+02
2.683638689747121475e+02
1.122908584709288249e+01
-1.123070607121265851e+02
3.680906285974326693e+02
1.959366094000703811e+02
1.191837392186366031e+02
-1.495247747359145762e+02
2.320794666492963927e+02
-3.305732671937373652e+02
3.723357264919969793e+02
-4.083165704360938264e+01
-3.744346912122445588e+02
4.536220253009521741e+01
4.371672689602777240e+01
-2.658140580373367357e+02
-1.351863514852825858e+02
-1.088299856105237780e+02
-5.147928488954391923e+01
-2.842552212411945902e+02
-2.113736962125821073e+00
3.785845430732728687e+02
2.188561373166674286e+02
-4.252587748211532244e+02
6.659281263262839445e+01
3.433657642040753899e+02
-2.047816509240496430e+02
-2.329721212898524740e+01
2.284084804747565443e+02
3.116385208585494411e+02
6.935949884704847079e+01
-2.324811918260885193e+02
5.898507615830410344e+01
4.313470976177006833e+02
-2.044361251984988996e+02
2.224574024497513278e+02
-3.250396772292698699e+01
-2.475420601760486079e+02
-9.857510200847579540e+01
5.051389313285790763e+02
3.631233102523897287e+02
3.863418311371452063e+01
4.614818149870298498e+02
1.407590774724359051e+02
1.355161348042581722e+02
-3.361368341814493306e+02
7.691363373911138979e+01
2.109968765443182406e+02
1.720953847754135779e+02
2.175754052624114365e+01
-1.880740276584216701e+02
-1.938594279507010185e+02
-7.866285323918553729e+01
1.104330259444609794e+02
2.826851238455394082e+02
-3.628313204602302449e+02
-1.839451799834409655e+02
-3.834514143270665159e+02
4.095857560912248800e+02
2.981518943732370275e+01
5.128823998356270977e+02
-1.909722844684182235e+02
-1.443885627002244121e+02
4.969513533547275586e+01
1.378989546571077653e+02
5.286298878678519486e+02
1.439444241858770397e+02
2.141358009158262234e+02
3.983505868754270978e+02
-2.423542100961169581e+02
-1.405529628193772567e+02
-4.965833410461531372e+01
-3.177544573442566502e+02
-7.986720928433658173e+01
-1.849372881649505587e+02
-2.691686037290311333e+02
2.931896653742756484e+02
5.174321514522451935e+02
1.794398475696688422e+01
1.143470997613468114e+02
1.557534471197405423e+02
3.513490857679551027e+01
-2.779229215912388327e+02
-6.705408052635945637e+01
-1.721980141352938460e+02
-3.093076122266621155e+02
7.572718418125528217e+01
1.416680915277016197e+02
-1.427035936350501117e+02
2.804275848995248452e+02
3.710709914619854999e+01
-1.656897326065785023e+02
5.953913967122148598e+00
-3.636264925764339182e+02
8.004990268983286228e+01
1.750415668502421340e+02
1.927380908940111510e+02
-1.215031529366576635e+01
2.822926578220612015e+01
-5.464595320317306459e+01
-1.067910579750318902e+02
-3.583004248456917935e+02
1.676509725378839732e+02
8.468330484410144265e+01
1.508239549172514415e+01
5.788550517599057699e+00
-2.211213920687988832e+02
-6.664372581378312077e+01
-2.000066391632168177e+02
-2.007341163844987761e+02
3.051424378707730511e+02
-2.381672125241295532e+02
5.160754567702176701e+02
1.719341217966798752e+01
-1.253390314974631536e+02
1.551791385736509312e+02
-4.611337720072532420e+01
-4.057948205346718140e+01
1.372807585296550030e+02
2.588552739176082085e+01
1.076432778564312187e+00
7.913382816881951953e+01
2.077560017682172600e+01
1.393855482316088512e+02
-1.139790649409611376e+02
-2.756703100186209667e+02
1.591132727178852235e+02
1.291562452012047686e+02
2.328971866915756550e+02
-3.413522233789227585e+02
7.780959418805335304e+01
1.734826037046553893e+02
2.280924512131813131e+01
-1.532194089738178775e+02
-7.601355762183470688e+01
-1.782770148553148886e+02
-1.994284180566182556e+02
1.850355723039225495e+02
1.502220854375472925e+02
1.550567871738670078e+02
-1.448682776241961108e+02
1.991657788000408402e+02
6.178061813895240562e+01
4.745169235233461080e+01
-1.096088100536685914e+02
2.339777330453891295e+02
2.660507781993719618e+02
1.418959081180933879e+02
4.150930299879258456e+01
-5.501343484084807045e+01
4.659490209615398726e+01
3.562323813844904521e+02
1.253165234401267369e+01
2.402684789931631713e+02
1.740963680270310476e+02
3.185667500713619802e+02
-2.827771805760505117e+02
5.812766304495000469e+01
6.721273108765193456e+02
-1.654583323227261715e+01
2.239629468363969806e+02
-3.770500632195748949e+02
-3.107536447596596645e+02
-1.262189119637450005e+02
-3.876908005234686811e+02
-4.591674964737495088e+02
6.638024762615566488e+01
1.716608032156890715e+02
1.644652212164152729e+02
