-9.059889638209151030e+01
4.953234970692825812e+01
7.817871934308688253e+01
-2.053175689243310273e+02
1.317155386404530759e+02
1.905443771353997420e+02
1.081783148603584443e+01
1.699219123929118211e+02
1.166588967862292350e+02
-6.047821826946157664e+00
2.946140621527741033e+01
-5.507409074603273069e+01
1.855710707150174699e+02
-1.332395645410023644e+00
1.498407598187763945e+01
-6.832669119999385998e+01
-1.436693002903093088e+02
3.145737846054582931e+01
-6.632779358476869902e+01
-3.070448369121253762e+01
2.013939126476437877e+02
3.172800538429242323e+01
-7.446399604530284932e+01
-7.918784309448673753e+01
-1.979660486231017273e+02
-2.325073527126823194e+02
-9.889124670376911297e+01
-1.059158586717801001e+02
7.472155414548552699e+01
1.894912010925628820e+01
9.840877140165650871e+01
-2.146059046735012714e+02
-1.277153746989982608e+01
-4.674027444969684097e+01
-1.343125659166047399e+02
1.031848231084765928e+02
1.966249869812207152e+01
3.007611518053172972e+02
-1.476925594674958973e+02
-2.476509756399883244e+01
1.096390288088486997e+01
1.319050304989070241e+02
9.641906984482142207e+01
-8.341664172735721650e+01
4.619184897881812191e+01
-6.606895836983784420e+01
3.329834573767574568e+01
-2.978941957482309704e+02
3.869264299954278385e+01
-2.693448604075819830e+01
1.708205843386000922e+01
8.216189713028387587e+01
-5.889089507586682970e+01
7.072754470417085315e+01
1.473511372058782420e+01
2.874701991907236120e+01
7.185693136873537412e+01
-2.491053066461474685e+01
-1.342807172791628716e+02
-1.806226379337014620e+01
1.402736498679267356e+02
9.086307599079324859e+01
-2.235536249555257484e+02
-8.472004586946246718e+01
2.682079465220334669e+01
-9.128794010380210011e+01
1.113218203874687333e+02
-8.395705206161363776e+01
-1.461734349416076100e+02
-1.369912585114137826e+01
-8.931635638782607600e+01
3.052360082419834342e+01
1.345929702630826164e+01
-1.150377659988731693e+01
-1.163323081709967433e+01
-1.791383357481849004e+01
-9.908221169653329241e+01
2.923997710774639813e+01
-1.231606155011932202e+02
1.991170974264249764e+02
-7.071049960809627066e+01
5.184886723698962641e+01
-4.277424925538537082e+01
-3.027104588699019772e+01
-2.194985343558750301e+01
-2.189195277682900453e+01
2.196716104765152409e+02
1.254076145186514424e+02
-1.822026544000141968e+01
4.432355035728412673e+01
5.022938318797327639e+01
-1.089476669151095756e+00
1.800228866158392975e+02
-2.554386329840276559e+01
1.036532327038534618e+01
-3.912274783301723602e+01
6.369950863187082035e+01
1.325512282766184171e+02
4.697288864101614614e+00
-5.340756930411301084e+01
1.782764246413052547e+02
9.435692290894884593e+01
5.542205255869264136e+01
-6.982708885905962859e+01
1.129381792620120564e+02
-1.594838720708117705e+02
1.766338418678165851e+02
-2.195371743482621696e+01
-1.824139287949180641e+02
2.120511460913967028e+01
2.063588619810161617e+01
-1.301377410098896235e+02
-6.708238388054441259e+01
-5.091470146957897214e+01
-2.906002962996000605e+01
-1.366851754535137218e+02
1.180995824472796940e+00
1.847648489017348368e+02
1.072496783506521751e+02
-2.058434653472781974e+02
3.350960672322301548e+01
1.669491844576303379e+02
-9.939065773836291839e+01
-1.194807497455496836e+01
1.118263094214338196e+02
1.511444071604710189e+02
3.481841645020529796e+01
-1.104842892522178772e+02
2.817015258339362305e+01
2.084920099684686647e+02
-9.477009791480405454e+01
1.085482356479477062e+02
-1.361615142474979123e+01
-1.201141497789118802e+02
-4.811994355228551257e+01
2.461474986869982047e+02
1.723913112924006725e+02
2.058742072146221602e+01
2.246771062132878001e+02
6.523852446252593040e+01
6.554604698759268899e+01
-1.574472263354623180e+02
3.670597887781418933e+01
1.013011865795958215e+02
8.348199581719197226e+01
1.139014029062305333e+01
-9.024159250064579396e+01
-9.331927440452876965e+01
-3.750809530926820656e+01
5.261712825505585300e+01
1.364264033025050935e+02
-1.764029592612275508e+02
-8.865784497817186605e+01
-1.856250108176292599e+02
1.957823737759531184e+02
1.192862491035849537e+01
2.475359370422259246e+02
-9.302436756286138575e+01
-6.889866072228767280e+01
2.544301143994012548e+01
6.671073574019618491e+01
2.562671097795780497e+02
7.007123943714920244e+01
1.020075654845334725e+02
1.938749248723773633e+02
-1.153151599075489457e+02
-6.746329205392844131e+01
-2.457335294518081170e+01
-1.521616404274913066e+02
-3.742928329016988442e+01
-8.894624982975850003e+01
-1.323978535547460069e+02
1.396352338604584986e+02
2.500154828666431968e+02
9.947939455929372343e+00
5.525876862906904563e+01
7.353658430862991224e+01
1.643774565761474094e+01
-1.341308719279402908e+02
-3.074840697210426654e+01
-8.161249698144688125e+01
-1.474867195476925872e+02
3.746849866965914799e+01
7.012169134843774998e+01
-6.998335602590211124e+01
1.348443433755489593e+02
1.873941591203663037e+01
-8.017445827130300984e+01
4.419714139414620213e+00
-1.764795872498412166e+02
4.088755767032216681e+01
8.436340339492157625e+01
9.397374647606558540e+01
-5.600428675504599774e+00
1.261636323302927210e+01
-2.891066869391627847e+01
-5.267504044455273515e+01
-1.721466796454462838e+02
8.127144495624358456e+01
4.255664568896508371e+01
8.400923932449652298e+00
3.740934047929135531e+00
-1.049155102678759448e+02
-3.227500600771804073e+01
-9.840041808947016477e+01
-9.533051224121696521e+01
1.481990765765419553e+02
-1.163698699124730780e+02
2.498717856117659153e+02
8.412149646978809514e+00
-6.231784610847676475e+01
7.452187782012384787e+01
-2.351066112986289980e+01
-2.072966660310848397e+01
6.478359787997338515e+01
1.076967021801931956e+01
3.059771125930976332e+00
3.805098083822016264e+01
1.207504379104844006e+01
6.722448198480007875e+01
-5.284932547896949728e+01
-1.309158486085485151e+02
7.556078344510017075e+01
6.359116943386349163e+01
1.099233026867585750e+02
-1.636411092906505189e+02
3.854534013605451293e+01
8.450996773923290561e+01
1.016431037781190660e+01
-7.292504895439746804e+01
-3.722613334925987516e+01
-8.629681338329578466e+01
-9.785942037227628987e+01
8.987005513855602601e+01
7.157335791301078132e+01
7.597285344978178045e+01
-7.093262551603653776e+01
9.760046294935834510e+01
3.033913959934871940e+01
2.338186108896996984e+01
-5.211834397811763608e+01
1.097671129140265833e+02
1.279626136971948398e+02
6.852467384999830813e+01
1.848712508397839471e+01
-2.712001221433211384e+01
2.458491092236053177e+01
1.716350143786370666e+02
7.104492988053767277e+00
1.124763050107224416e+02
8.463050871185859592e+01
1.553495457497276107e+02
-1.343083711695948637e+02
2.700090042151300551e+01
3.247176583533376970e+02
-7.508678682149411365e+00
1.083746299206747494e+02
-1.823345874531732136e+02
-1.506933243071779600e+02
-5.780563178306020689e+01
-1.872830411153795751e+02
-2.231283128919776857e+02
3.036901307195656941e+01
8.432462725658213287e+01
8.000707604063543954e+01
