

gen best mean std best_sol
0 2.812222 -5.482239 2.868393
1 3.706482 -2.184769 4.162828
2 15.74909 6.665433 3.521899
3 15.74909 8.56602 3.637535
4 15.74909 8.56602 3.637535
5 15.74909 11.326893 4.301373
6 15.766319 14.758292 2.343916
7 15.766319 15.71355 0.11248
8 15.74909 14.016859 5.196693
9 15.74909 13.610044 6.417141
10 15.74909 13.609951 6.417417
11 20.201869 16.639328 1.780476
12 24.36581 17.946278 2.922754
13 24.36581 19.238592 2.596596
14 20.236795 19.274278 1.750422
15 20.201869 20.072768 0.238785
16 20.201869 19.628187 1.311908
17 21.51813 20.204395 0.496924
18 25.858757 21.705523 2.098803
19 28.004953 23.851658 2.054161
20 31.049071 26.119247 2.725863
21 36.492788 27.361139 4.028769
22 36.492788 28.356068 4.256698
23 36.492788 29.706879 3.800744
24 36.492788 31.34794 2.335737
25 36.492788 31.690778 2.054581
26 36.492788 32.058336 1.669359
27 36.492788 32.065094 1.665391
28 36.492788 32.720509 1.777631
29 36.492788 33.04486 1.739536
30 36.492788 33.384669 1.659667
31 36.492788 33.892368 1.688985
32 36.492788 34.452706 1.085556
33 36.259916 32.642787 5.367954
34 37.468474 35.093099 1.338592
35 37.468474 35.122764 1.316144
36 37.468474 35.321657 1.260796
37 37.468474 35.415876 1.192506
38 38.845159 35.880497 1.496416
39 38.845159 36.168548 1.482893
40 38.845159 36.445624 1.405847
41 38.845159 37.008012 1.073743
42 38.845159 37.180232 0.794659
43 38.845159 37.349734 0.659101
44 41.894756 38.019698 1.361035
45 41.894756 38.040691 1.351211
46 41.894756 38.259861 1.389028
47 39.482538 36.26937 5.440603
48 39.482538 38.321623 0.839016
49 39.482538 38.321623 0.839016
50 39.482538 38.321623 0.839016
51 39.482538 38.321623 0.839016
52 39.482538 38.678895 0.781599
53 41.657441 39.678128 1.007367
54 41.657441 39.520304 1.401326
55 41.924786 40.617691 1.191379
56 41.924786 41.592778 0.65284
57 41.929354 41.888363 0.0453
58 41.929354 41.898927 0.021195
59 41.929354 41.910342 0.012567
60 41.929354 41.910342 0.012567
61 41.93369 41.91723 0.008144
62 41.93369 41.917287 0.008106
63 41.93369 41.920135 0.008599
64 41.93369 41.927654 0.00674
65 41.93369 41.93095 0.00244
66 41.933118 41.930327 0.004903
67 41.93369 41.932365 0.001035
68 41.93369 41.933061 0.0004
69 41.93369 41.931307 0.006201
70 41.93369 41.933461 0.00028
71 41.93369 41.933084 0.001088
72 41.934264 41.933747 0.000172
73 41.950673 41.935733 0.004993
74 41.934839 41.917364 0.051082
75 41.950105 41.936078 0.004684
76 41.934839 41.673185 0.784001
77 41.950105 41.936135 0.004665
78 41.950105 41.93625 0.004624
79 41.950105 41.939305 0.006825
80 41.950105 41.942245 0.007409
81 41.999405 41.953112 0.016048
82 41.999405 41.95974 0.019704
83 41.998843 41.936978 0.058927
84 41.998843 41.961623 0.018674
85 42.001403 41.98129 0.022585
86 43.409118 42.131666 0.426177
87 43.409118 42.136024 0.424571
88 43.409118 42.140526 0.422866
89 43.409118 42.281477 0.563631
90 43.648404 42.446433 0.685077
91 43.409118 42.704212 0.70406
92 43.409118 42.986339 0.644172
93 43.408358 43.239091 0.506824
94 43.648023 43.480007 0.10966
95 43.647262 43.461459 0.093449
96 43.647642 43.508622 0.112354
97 43.647642 43.645753 0.002647
98 43.673836 43.655473 0.011799
99 43.673836 43.662921 0.012253
100 43.673317 43.660378 0.012361
101 43.674211 43.663035 0.012192
102 43.673317 43.667713 0.009757

gen best mean std best_sol
102 43.673317 43.667713 0.009757
103 43.673317 41.347554 6.958615
104 43.672344 40.031264 7.270101
105 43.672344 38.697153 7.691208
106 43.672344 37.825922 7.282416
107 43.672344 36.009605 8.145055
108 43.672344 35.17739 7.065522
109 43.672344 29.951734 15.637765
110 43.648404 32.564354 5.720873
111 43.648023 28.156834 11.989175
112 30.552414 29.512784 3.042429
113 30.552414 29.550285 3.003281
114 30.552414 30.5513 0.000891
115 30.552438 30.552043 0.000734
116 30.552438 30.55241 2e-05
117 30.552446 30.552422 1.7e-05
118 30.552438 29.551238 3.003556
119 30.552446 30.55243 1e-05
120 30.552446 30.55243 1e-05
121 30.552446 30.552432 8e-06
122 30.552446 30.552433 5e-06
123 30.552446 30.552436 5e-06
124 30.552454 30.552441 8e-06
125 30.552454 30.552442 5e-06
126 30.552463 30.552454 6e-06
127 30.552463 30.552457 4e-06
128 30.552463 30.552459 4e-06
129 30.552463 30.552459 4e-06
130 30.552463 30.552459 4e-06
131 30.552471 30.552462 5e-06
132 30.552471 30.552465 4e-06
133 30.552471 30.552467 4e-06
134 30.552471 30.552471 0.0
135 30.552471 30.552471 0.0
136 30.552471 30.552471 0.0
137 30.552471 30.552471 0.0

gen best mean std best_sol
137 30.552471 30.552471 0.0
138 30.552471 30.552471 0.0
139 30.552471 30.55247 2e-06
140 30.552471 30.552471 0.0
141 30.552471 30.552471 0.0
142 30.552479 30.552471 2e-06
143 30.552479 30.552471 2e-06
144 30.552479 30.552471 2e-06
145 30.552479 30.552473 4e-06
146 30.552479 30.552475 4e-06
147 30.552479 30.552479 0.0
148 30.552479 30.552479 0.0
149 30.552479 30.552479 0.0