-4.775322790452413102e+01
7.593610401011243027e+01
2.485586084580314719e+02
-2.675615789606182489e+02
2.120035324102976233e+02
-2.077552259416730180e+02
3.024314726620801963e+01
1.119034489486699613e+02
-1.190212214668526940e+02
2.818925087512851135e+01
-2.351208526263741305e+02
1.260112742647140038e+02
-2.023929775325031244e+02
-1.238319029518192167e+02
4.372833502366136713e+02
-1.347254622857046513e+02
4.392533939323207051e+02
1.828370282127834798e+02
4.763836265216234978e+01
2.280494262084643253e+02
-4.657192133638824316e+02
1.668778141681421232e+02
4.386094065821176855e+02
-2.091789733726561451e+01
1.693991932688615236e+02
3.680017968086061728e+02
1.206444758248872233e+02
-9.061463328104731829e+01
-1.970393321930001562e+01
8.954754950205392561e+01
2.591412257632803744e+02
9.711199921490366194e+01
2.127214725129264821e+02
-1.026215920576704832e+02
-2.768556743475761550e+02
1.949116310502117244e+02
4.123874059165327139e+02
2.563184468617760672e+02
9.614388018924944390e+01
-1.403119814229531528e+02
-1.517627654681796230e+02
2.088294949281803952e+02
4.216137634492289976e+02
-9.143931328228980249e+01
1.451620142755963911e+02
4.199712775336070081e+02
-2.197432347869870739e+02
-3.186528496212569053e+02
4.620748595327553403e+02
-4.137827680832325541e+02
-3.533521014880146822e+02
-3.135190800881800328e+02
2.111851222411162610e+02
1.593646868205192924e+01
4.949668322155792453e+02
-7.965294839531858884e+01
8.121410118020783386e+01
1.996740479192446287e+02
-1.559058929386375603e+01
-3.998665529193860948e+02
-4.689786344800097027e+02
-2.288233356157533294e+01
2.421301929756996003e+02
3.006895310175797249e+02
4.283569473901617357e+02
-5.846706441637041962e+01
-1.003847597470382169e+02
-1.184027691960395678e+01
2.289573961894556362e+02
-1.586054793429369170e+02
-4.402274279329333808e+02
-1.497248875779630453e+02
-3.330093981987648704e+02
2.575958374148388543e+02
8.816520124142944326e+01
6.941434887978920187e+01
-9.591442976774094120e+01
3.800642359725011943e+02
-7.055674014568489838e+01
5.879966312457722921e+01
-5.902198305850714632e+01
7.605656341691306466e+01
-2.226567643061141268e+02
2.155384600273280000e+02
-3.757941814902131483e+01
2.111148949075150654e+02
2.702184010253054112e+02
1.472936119727587823e+02
1.334830972895441050e+02
-2.250667810489086378e+02
2.633680889120829534e+02
-1.620948735618466969e+02
4.185843192853282062e+02
3.686268638877250226e+01
3.242262280745732710e+02
-7.702149787537845782e+01
-2.727815190437207207e+02
-2.993814971343344951e+02
2.067609708299725071e+02
-3.600549587468559025e+02
-1.456453553948121851e+02
1.070170814821427996e+02
2.505531968979464352e+02
3.722177054403921375e+02
8.936580339211913326e+01
-4.130263344112379400e+02
5.967835246507128488e+01
4.780013513926942181e+01
7.365117792482763548e+01
-6.575916029373857441e+00
-2.473958419607409667e+02
-1.954890457536251063e+02
8.566570605125059501e+01
-3.228322113616030720e+02
-2.596242571015296221e+02
-1.832953785201252117e+02
-1.196943558733376989e+02
5.779998615952909091e+01
1.619171071006148566e+02
-7.677211269353014700e+01
-4.785591129148506866e+02
-2.179703866290648477e+02
-6.594536275072184708e+02
6.652499347612774727e+01
-2.271593948331411639e+02
1.794293519850508005e+02
5.206863027915178321e+01
2.199134714173342218e+02
-2.500642783945685892e+02
1.796661933216770137e+02
-1.796524805949108838e+02
-4.638504300324976839e+02
4.736042162339747961e+02
1.363468994616214758e+01
-8.293319377863622321e+01
-1.959186577623858625e+02
-4.309068792850871432e+02
1.832311622670896440e+02
2.257288082821812125e+01
3.536421378963852931e+02
3.744354346290042201e+01
-1.981759439235133584e+02
7.275530873242297503e+01
-4.082066430698586146e+01
-1.385397501516072225e+02
1.391812435043184060e+01
9.437507326303993693e+01
7.785259459522718828e+01
-8.443466198741077733e+01
2.598645006641640975e+02
5.611417717951545114e+01
7.213849418403046343e+01
-1.279676321555537299e+02
-6.619695931326883453e+01
-1.487491667801788964e+01
2.730435854063056809e+02
2.519545724734630028e+02
-1.382641913537362086e+02
4.587398366163350971e+01
4.151795005803207914e+02
4.970175445690180993e+01
-2.597666584579470737e+02
-6.887153799042283531e+00
-4.284639986439374297e+02
-2.786487773248363737e+02
3.309370774837016711e+02
-1.982365448635684686e+02
2.112704869032224622e+02
3.030615508645779528e+02
-9.829797337282373348e+01
-5.981540145082851723e+01
8.797625514414971803e+01
-6.293240089392464398e+01
-1.765732601613268002e+02
2.043610630608708334e+02
3.958624801035706753e+01
1.089581276118152857e+02
6.933158232399424605e+02
-1.773737665740161162e+02
-2.263035467597114518e+02
4.092848439216549394e+01
1.711963100024358369e+02
-1.281569995186079041e+02
-2.121409333774639379e+02
8.746036067599563069e+01
3.185329527946037160e+02
-1.580602006751235820e+02
-2.775221833734293000e+02
1.525412908437868680e+02
-1.568606508988549990e+02
-6.591877236900408832e+01
1.050769532054515594e+02
-2.337111026048089002e+02
2.271548065244975305e+02
8.175680936256006248e+01
-2.954676972827142549e+02
9.941116225437964715e+01
1.734455196233809886e+02
-2.897772704452224843e+02
1.568820929994800792e+02
-5.199939748552973384e+01
-1.847933357543420811e+02
4.144523698088567016e+02
1.958689589516778256e+02
2.311567256307630487e+02
-1.719340429376006796e+02
1.929966666724536992e+02
-1.659510833165908537e+02
2.336406764118741819e+02
-4.974886222625694927e+02
-7.270992849913014311e+01
2.279458098296968842e+02
1.294172601830576070e+02
1.162147972756941101e+02
1.379292645270901652e+01
3.976429831566579765e+01
-4.568799777535714668e+01
1.111597988342206378e+02
-1.955996904771513911e+01
-2.171255046690208701e+02
-2.724040697032946809e+02
5.858976940191953275e+01
-2.377760770623339113e+02
4.056478441516033939e+01
-1.262538358301003143e+02
-2.732448618247848913e+02
-1.345207252745779840e+02
1.282925721701701605e+02
2.395985824776317372e+02
-3.759974004803696062e+02
-4.163831896597687177e+01
-1.634171010271981288e+02
-2.072769714759231192e+02
8.073617540778900548e+01
2.255392655867827614e+02
-3.201485616788061748e+02
1.574653564275675244e+01
4.082208335894620745e+02
2.259716560154061327e+01
-7.509899639468470411e+01
4.847320198821223158e+01
-2.368498192684716912e+02
-1.937224589364219796e+01
-2.821135424316560503e+00
3.566138843718227349e+02
9.641518248897496335e+01
-8.819631025016781223e+01
3.503287014380854885e+02
9.271207453210082861e+01
-4.374762109517682802e+02
3.110978221083785229e+02
5.968591168782105605e+00
1.101713339303657477e+02
2.345509618253776978e+02
-1.225422020051068905e+01
1.963640196720281210e+02
-2.420908974763095216e+02
8.934282373537932642e+01
1.317300007141354570e+02
5.163858430693519495e+02
-4.863866448322933138e+02
2.828079151037113093e+02
-2.097787877675526715e+02
-4.651768297975691269e+01
1.100341208550378269e+02
