-1.066995599436901809e-01
-2.363303163164152565e+00
3.705458052907535382e+00
-3.767954875912688628e+00
1.197010837106345038e+00
7.980862242639901183e-01
-4.637654692212004326e-01
8.655356325631999859e-01
-5.991455405657201139e-01
-1.724459664824037342e-01
-5.573890756892842191e+00
1.215947111245012202e+00
-3.839109980729727312e+00
-1.324836486981295192e+00
5.130026928169290734e+00
-2.188847140421577464e+00
1.983599774363029367e+00
3.025125019606937027e+00
2.691327937769041334e+00
1.634800463973614670e+00
-4.725293856611134657e+00
1.746707398554518731e+00
4.222323795604357777e+00
1.599919436384566129e+00
-1.720936377465035472e-01
3.832116571820492368e+00
2.933787630011753800e-01
-8.454377681429207092e-01
-2.633972394635339942e-01
-1.313455795409042448e+00
2.081547152147021684e+00
1.124876185523302041e+00
1.667207205942452752e+00
6.854157840059222906e-01
-1.789346146605242494e+00
1.738561878590037635e+00
5.759118373278301561e+00
2.492420189965055322e+00
2.959677840551390715e-01
-2.658606618812644484e+00
-3.500914925109495535e+00
-1.231716765436297933e+00
4.953073231041534186e+00
-1.743181034811176033e+00
2.477768890904531673e+00
5.169894698159248847e+00
7.210214053026959835e-01
-3.704102433599263833e+00
3.561345495314293785e+00
-4.653160852466384778e-01
-6.759897093018027991e-01
-1.918249489508149441e+00
1.960149997784312426e+00
1.501706006565385554e+00
4.871089167842886702e+00
-3.238145135262012086e+00
4.891239633335946468e-01
2.555892827521632160e+00
7.238526479159942406e-01
-3.982460418062662377e+00
-1.721572477670013868e+00
2.528544540996270573e+00
3.759834274166474533e+00
4.017777277246755929e+00
2.185496414430911027e+00
-1.137313022713705379e+00
-2.136080328675790396e-01
-6.971883387535466881e-01
3.943912867593453719e-01
-2.843580215037261549e+00
-6.219417850295344330e+00
-1.069076973599208280e+00
-3.916279185317465661e+00
5.029144190901095879e-01
1.512026929212386683e+00
1.455400544268584229e+00
-8.125353684153838740e-01
6.741933324746620659e-01
-3.145096080989384646e-01
8.667382849536031664e-02
-1.477912411262691128e+00
-1.797675824285695390e+00
-1.068750530813985078e+00
2.723729174112418328e+00
-2.177145997666924515e+00
5.186108647229039637e-01
2.629199910687860964e+00
5.108651033438832423e-01
1.417602650819982379e+00
-2.816880169842806314e+00
-1.264992556447719574e+00
-1.116480590648795346e+00
4.294714072847845010e+00
-4.101304546429895836e-02
2.052546227097515441e+00
8.234750218023706436e-01
-2.964984026263436157e+00
-4.136988574992269463e+00
2.533148698264268806e+00
-2.667702348489060515e+00
4.697356557844035163e-01
-1.361753472233539819e+00
2.537373204674729710e+00
4.228345003726531992e+00
7.860514515644636546e-01
-3.350038168478610245e+00
1.126798750153086948e+00
-2.967589722927412410e+00
-7.873557524249130690e-02
-9.817415821287913680e-01
-1.648498175381987174e+00
-2.909592778596656437e+00
-1.434401051992255205e+00
-3.971880141672711417e+00
1.874687535476275979e-01
-2.978589439652858051e+00
-1.762300101422574483e-01
3.050581822860097603e+00
2.711581652624618588e+00
6.492315268742425705e-01
-3.777944495006900105e+00
-2.168335698011920609e+00
-7.233476689088436551e+00
-6.650027037080221692e-01
-1.734282712853916886e+00
-2.755935911164904883e+00
3.972906275754630290e+00
2.419163850208849276e+00
-1.114746720232296706e+00
1.265904192377439674e+00
4.455987219698085422e-01
-5.682316609129886231e+00
2.191460831640065443e+00
-1.828740199337138272e-01
3.463599895535504070e-01
-2.339221643784862525e+00
-3.515731514206247965e+00
1.986047941556650098e-01
2.419086224920090622e+00
2.818483985035313832e-02
2.150145881812643989e+00
-9.100028186919671969e-01
2.011751245978688818e+00
-5.485336202778388071e-01
-2.439540543592438659e+00
-1.567267323197119033e-02
4.839078127398217521e-01
1.614650913305357260e+00
-3.026102059000808531e+00
1.600130859729366195e-01
1.029804554151153573e+00
-8.716446455480395539e-01
7.193177768743095335e-01
-1.177461812765914662e+00
4.594378236300387108e-01
2.269848620829306274e+00
3.352183965588151793e+00
-2.738973635081720204e+00
-1.572225257158895717e+00
3.305039986195768886e+00
-1.755486609110989082e+00
-8.835609394502047520e-01
-1.139145970264789476e+00
-3.522016356524220182e+00
-3.273813342098943036e+00
-7.744575736623149353e-02
-2.540456538332874104e+00
-1.714664343081047093e-01
3.754354293206547677e+00
-1.062640317205981288e+00
3.691138072136395110e-01
-1.345507099408527196e-02
-1.471377705247463030e-01
-9.276637555418298930e-03
2.380083938336051919e+00
-6.853779594483271342e-01
-8.569861887122272037e-01
6.055785480650915709e+00
-2.396295149310769368e+00
-1.555522719834803835e+00
1.548894155051925070e+00
4.303274036447068518e+00
-5.027923861481856660e-01
-6.933311520886777934e-01
-3.986078855073425797e-02
5.853295190572017859e+00
1.453818572090838535e+00
-3.672510772369817822e+00
2.517888673804103306e+00
-1.825893557584963967e+00
5.327288101340788007e-01
1.444015038871238499e+00
-3.433388671195128694e+00
4.270252798038675301e+00
3.127204777183667073e+00
-2.789949182862145882e+00
-3.494083018075634595e+00
2.879425424953144574e+00
-3.593584981380938181e+00
7.721043171296735341e-01
-1.727582167537799585e+00
-1.677340029714718739e+00
5.139327651970098110e+00
3.271870779957618769e+00
5.577025955781216293e-01
-2.664128538695860637e+00
-2.072297122506755462e-01
-3.377687071557365694e+00
4.844809062744344530e+00
-5.351220128902429707e+00
-2.856887175793084710e-01
1.392394501356344572e+00
2.620331506506488051e-01
3.093868229824932592e-01
1.704580385113698249e+00
3.786216552756993536e-02
9.319571475524008886e-01
1.624987449333860079e+00
-4.244097742738472956e-01
3.466046264091074969e-01
-2.813793323924138168e+00
1.581625342692647984e-01
-9.496848682502445627e-01
-9.879384853729393789e-01
-2.344623843158319954e+00
-6.053613015310698842e+00
1.735990894346322866e-01
1.454272449468693384e+00
2.998311519637132605e+00
-4.992459717982270284e+00
-1.698280804319216131e+00
-1.429059104442111483e+00
1.973387267567208170e-01
2.334755441070739401e-01
3.969643063990249576e+00
-8.057231793479706639e-01
1.215759309411524658e+00
3.817645181400100007e+00
-1.796981683153538123e+00
-2.997870636649084819e-01
-7.137146875504984944e-01
-1.960966205539783402e+00
-2.351909738551158924e+00
3.640343451054779411e-01
5.857948967348628244e+00
1.866871755536323674e+00
-1.589254274956197754e+00
2.885476314051569346e+00
2.722514480526610825e+00
-3.552481787302327110e+00
4.492780696067564250e+00
2.038002076379366923e+00
-6.124968027680210980e-02
3.029517377914515919e+00
-1.408835824776490941e+00
8.823503931052232296e-01
-1.298168011319085435e+00
2.518785683200677195e+00
9.538327107218255163e-01
8.369823842506942668e+00
-2.734271377981061235e+00
-1.696203933108020312e-01
-3.371964609044102890e+00
-2.759987496967784004e+00
2.270895201573168265e+00
