

gen best mean std best_sol
0 9.9743 -3.217652 5.822205
1 11.909486 3.316425 6.114574
2 11.903727 4.948769 5.245003
3 12.012915 10.011334 1.653802
4 12.012915 10.657913 0.927805
5 16.279905 12.98076 2.033735
6 36.12505 17.174696 6.681575
7 41.752289 21.631755 9.010512
8 40.756725 23.804865 8.038144
9 40.769398 31.56352 7.32467
10 42.893942 37.505259 2.255023
11 43.056951 38.246588 2.699093
12 43.037473 38.919824 2.930608
13 43.089012 39.567952 2.977333
14 48.68817 42.316632 3.490929
15 47.047183 39.590007 8.248174
16 59.724623 46.392728 6.819895
17 59.695829 46.472239 6.750498
18 59.836964 46.684774 6.655283
19 59.691044 42.8446 8.817184
20 47.047183 37.668621 15.15496
21 43.089012 35.989444 14.722548
22 43.027444 40.548926 3.658989
23 42.995376 39.916945 6.576288
24 42.937192 35.864381 17.849418
25 42.893942 37.343711 14.561814
26 42.873157 37.743411 14.722375
27 42.907312 42.676216 0.187263
28 50.703851 43.550187 2.387925
29 66.986295 48.477086 9.519939
30 66.963021 51.190283 9.618924
31 71.644984 57.642682 10.632629
32 71.434458 60.226153 10.161793
33 71.594649 62.962868 6.968504
34 74.494653 66.682687 5.165815
35 74.499284 67.237613 4.154591
36 74.504913 68.536151 3.984427
37 73.840376 66.193551 8.333498
38 73.93581 66.241302 8.233291
39 73.843484 66.388783 7.778964
40 73.840376 66.388472 7.778666
41 73.918919 66.96765 6.193058
42 73.883965 66.964154 6.189142
43 73.906949 66.966453 6.191716
44 73.839521 67.166117 5.625481
45 73.926331 67.174798 5.63583
46 73.905465 67.172712 5.633333
47 71.594649 61.889135 14.554521
48 69.600345 61.909035 9.487879
49 69.595466 59.414771 10.339212
50 69.567209 58.014569 9.998795
51 67.143064 57.370768 9.692758
52 66.963021 54.996463 13.00484
53 66.904295 49.852738 21.710722
54 65.645917 54.823791 17.713269
55 69.636971 62.773153 4.976305
56 69.515978 66.05523 2.744609
57 77.724806 70.056372 4.369971
58 77.724806 70.446114 4.115293
59 77.866855 70.460319 4.14056
60 77.720677 71.363841 3.951146
61 77.696361 66.975731 11.824611
62 74.809702 69.921514 2.138581
63 72.480802 66.064045 10.039029
64 69.818382 64.996731 8.549677
65 69.788426 60.438851 22.357216
66 77.896284 68.865032 3.610852
67 77.925397 69.681611 3.413816
68 77.982525 70.555187 3.036192
69 78.634955 72.39413 3.396109
70 78.604406 72.425712 3.361697
71 78.655644 72.460985 3.345399
72 78.622982 72.457718 3.33936
73 78.668919 73.338409 3.583054
74 78.211176 71.184068 6.397765
75 77.982525 71.825664 2.662681
76 78.913395 72.782466 3.253123
77 78.913395 73.258029 3.064903
78 77.982525 72.792142 2.530917
79 85.092581 74.362158 4.232594
80 85.107175 74.363618 4.236295
81 77.982525 71.017796 6.841407
82 74.591805 64.065721 23.536859
83 74.250306 70.046074 4.505835
84 74.436242 72.44422 1.88356
85 78.521709 73.802844 2.098124
86 78.444836 73.795157 2.08089
87 78.536046 74.669006 2.049444
88 78.435705 76.346388 1.971202
89 78.524995 76.763908 1.854908
90 78.577272 77.596911 1.493513
91 78.516711 73.972936 10.645362
92 78.496669 73.27194 10.55984
93 78.424304 76.07136 4.19603
94 78.350707 75.234415 5.481796
95 84.563272 77.768663 2.722139
96 84.537324 77.200328 4.459916
97 84.552623 78.434188 2.268992
98 84.564839 79.416916 2.573061
99 84.571921 80.044198 2.891803
100 84.552623 80.071159 2.867702
101 84.545903 79.419293 2.491119
102 84.247965 78.442971 2.184965
103 84.571364 79.421839 2.496365
104 84.567721 80.090075 2.862481
105 84.564656 79.451399 2.478998
106 84.57042 80.080588 2.816284
107 84.531316 78.625049 5.689983
108 84.571364 80.080307 2.816689
109 84.551374 80.078308 2.813506
110 84.567721 80.079948 2.816105
111 84.573941 80.687525 2.989427
112 84.531316 81.28939 3.029323
113 84.57369 83.154844 2.415317
114 84.570338 82.892145 4.469085
115 84.552967 83.800821 1.740181
116 84.571149 84.427733 0.136955
117 84.564492 83.288128 3.683921
118 84.573658 84.55568 0.010491
119 84.573658 84.559459 0.007648
120 84.569556 84.558269 0.005927
121 84.572721 84.560148 0.006898
122 84.57333 84.564002 0.007204
123 84.572721 84.565118 0.006302
124 84.572721 84.56895 0.0029
125 84.574072 84.571818 0.001692
126 84.573157 84.571281 0.002093
127 84.573157 84.569312 0.008687
128 84.573691 84.572629 0.001009
129 84.573241 84.568886 0.010915
130 84.573157 84.570451 0.005487
131 84.573124 84.566331 0.013073
132 84.57348 84.57102 0.002619
133 84.57348 84.572302 0.001169
134 84.573001 84.570485 0.005602
135 84.573001 84.571532 0.002027
136 84.573001 84.571859 0.001182
137 84.573878 84.568974 0.01058
138 84.573755 84.572175 0.001769
139 84.573001 84.571478 0.003082
140 84.573001 84.568541 0.011872
141 84.572835 84.571853 0.001289
142 84.572835 84.570944 0.003877
143 84.572835 84.568933 0.006618
144 84.574021 84.569208 0.006323
145 84.572721 84.570817 0.002535
146 84.57259 83.059627 4.532935
147 84.573124 84.570392 0.002633
148 84.572377 84.565355 0.015812
149 84.573323 84.570874 0.00172