-3.318372244907277668e+00
-4.009361148262358121e+00
1.612231945706969594e+00
2.956832631668517397e+00
-7.418739821040126969e+00
-3.039626568484794067e+00
6.385201813807050542e+00
6.463190745557843897e+00
1.891891158441687315e+00
3.389597934942523150e+00
-7.333910580786679567e+00
-1.978294626856023308e+00
8.033733936048658153e-01
2.720883451456656554e-01
4.563543158093449570e+00
-2.041365697137654589e+00
4.621141961489517946e+00
2.619862438376619362e+00
4.682981545765574793e+00
4.173907322722937074e+00
2.430109408189030429e+00
-4.471255978448262169e+00
-3.551644154778844875e+00
-3.437049383449771955e+00
-1.421341825390747493e+00
5.128593387545501425e-01
-4.739146713841365433e+00
5.220330101455938454e+00
9.030723528272064371e+00
6.773142346154112925e-01
-4.904428736701127889e+00
1.575297785105923554e-01
7.715006273234128464e-01
-2.194883330970320845e-01
7.512029564308803309e+00
9.214941164773083671e+00
-3.492962766936327679e+00
3.977482202647355969e+00
2.406554551189016511e+00
2.895261668483640527e+00
2.802663301105280946e-01
7.557270142500005505e-01
7.598478256158654354e+00
4.097773957305628767e-01
2.575989775567512297e+00
-2.308013368681219646e+00
2.930613112968550205e+00
-5.275057187296752659e+00
2.059884858192208235e+00
-3.938918559169136469e+00
8.099513853024141952e+00
-3.841171283765704825e+00
-7.040831551062526117e+00
-1.101979039786097125e+01
5.149225578301495965e+00
-7.403533838908409770e+00
2.186848151540826457e+00
-5.948503589735634201e+00
-5.114957306456535235e+00
-9.931028025553750638e+00
-1.549498970573388368e+00
-3.096932152769456881e+00
-1.099900802683138323e+01
-7.472382675018163667e+00
-1.688626363843075406e+00
-5.428477622450803786e+00
5.718864446784570621e-01
6.992562148843632919e+00
-3.310645504924601412e-01
2.727098315605691603e+00
1.899954661045543336e+00
5.010756202760571654e+00
2.145247385728318079e+00
3.573787532678929235e+00
-1.020916484032317584e+01
9.223957881754634158e+00
-6.768932310785659823e+00
1.738645219892197336e+00
-1.044306668266673732e+00
3.520414227939288043e+00
4.021262871472928602e+00
2.530977449715103411e+00
1.708826996474525739e+00
-4.265984364101750081e+00
-4.125214470018801372e+00
9.172010858989960713e-01
3.218935169942795493e+00
-5.029240351139515397e+00
5.715101678517795492e+00
1.911582054504955552e+00
3.199187726642516605e+00
-3.021247881695119819e+00
5.551232867189308529e-01
8.536050193347656245e-01
2.430793555251806737e+00
-3.570235572706848881e+00
-1.393119160251437672e+00
3.048746339144031037e+00
-3.253770407171150403e+00
-2.175089790215579910e+00
8.071659456823836454e-01
-2.940921902350415174e-01
3.022205410646984447e+00
3.155123612582410697e+00
2.389340154643519121e+00
4.068072867476745458e+00
-7.606725410357104700e-01
-9.585314502210927401e+00
-1.060491891453059665e+01
-1.513476373487467219e+00
-5.217791343162875073e+00
1.869450442765855147e+00
2.646054922068755033e+00
-6.041101058623969067e+00
-9.101101222541856384e-01
-2.201898408532334095e+00
-4.159093630141745379e+00
-4.751540456966359127e-02
-7.154748775126250848e+00
2.864770429421860332e+00
9.330789117986696413e-01
-4.027038799381687184e+00
-8.822676378923608453e+00
9.116714765713560098e+00
4.347551944480827768e-02
-5.095921609910387673e+00
-1.367034820330922162e+00
8.888321948002577688e-01
-5.313933468789128867e+00
4.614804649208146259e+00
-3.041246578982873316e+00
6.954479322558696275e+00
-2.700069884432830136e+00
-3.087500923824964882e+00
1.889568133673139583e+00
2.020096948189204600e+00
2.096508900115947149e+00
-5.597185734089336506e+00
4.471155659803600080e-01
-3.540384048890078184e+00
-7.214389820764458783e+00
3.515075037424185034e+00
-5.113771900857345010e+00
-3.161408605447216247e-01
-3.849847524199753401e+00
2.047092097034124425e+00
-1.149150441922347810e+01
5.678651317786439279e+00
-5.370088418625573734e-01
1.404994031606604521e+00
-4.150838622981319892e-01
-1.511720232199199154e+00
7.844626209584797394e+00
1.844935988969543805e+00
3.971293073338792112e+00
-1.260997102799543512e+01
-3.655350507163337426e+00
-7.986077933239204008e+00
-2.116858883180932960e+00
-3.556364381763773341e+00
8.064135403589963502e+00
2.852386314382746590e+00
-4.161075456111134052e+00
2.291006992030277800e+00
2.446780611599880917e+00
2.029828932917678852e+00
-5.363775241678827577e+00
4.432594050775914063e+00
4.588323664139751124e+00
4.107168383877106699e+00
-4.645694834491542746e-01
-1.543722884042308952e+00
-9.037395177067425678e+00
4.722355336363048828e+00
6.515810908246650435e+00
4.897552623143162975e+00
-2.190568630033978170e+00
-9.083114017307629240e+00
-5.883751529126715951e+00
-5.039138938898107156e+00
-1.194482371138029020e+00
2.106466210766987146e+00
1.503408142342081533e+01
-5.834608391701618935e+00
-6.410790147809903416e+00
-1.825196761894908981e+00
-1.337950874470259599e+01
7.449392550523574741e+00
-6.431851575868084758e+00
4.281202752985127979e+00
-5.041497287218642320e+00
-9.144295405291034129e-01
-4.942555995888421094e+00
-2.327719227312841355e+01
-2.702017888090770814e+00
-4.455565505018267203e+00
1.927665980192055262e+00
-3.996305137922486317e+00
5.930819017188643905e+00
-2.147385158509225178e+00
1.597879787960618136e+00
3.623862252853136567e+00
1.808597723580221972e+00
1.564579968822457801e+01
1.190746356877923873e+01
4.541350589376499380e-01
6.754319503579517381e+00
-6.152367447505174169e+00
-8.083721226384648517e+00
1.117464718078550590e+01
-4.117334962390683195e+00
1.936829925756249349e+00
9.328997626180218106e+00
4.910033330054356382e-01
8.881499792755365164e+00
-2.677474916747163647e+00
-5.018349668626255422e+00
-6.212984851077812287e+00
3.433524826868239455e+00
2.861330004634871749e+00
-4.386527399388269188e+00
9.591382053139980712e+00
3.376853750995303827e+00
-1.122333251620199146e+00
3.460184886319465747e+00
-4.697233363811969653e+00
-1.840624997257380713e+00
2.079717063527804832e+00
1.114905522895406342e+00
1.016445999518843069e+00
-1.848841948498753052e+00
-5.726631544193145906e+00
7.523556127767765389e+00
5.600220366457089760e+00
-2.665884968536738509e+00
-7.994880062011019417e-01
-1.367006343882490316e-01
-2.475137714586981286e+00
-2.366272601471715475e+00
-1.794222648383571317e-01
-4.689623231902953826e+00
-8.587155175720764255e-01
-5.006322422383819859e-01
8.383489512401991917e+00
6.324738125836474545e+00
-5.406333487970909957e+00
3.553198376551267579e+00
7.265814026603709674e-01
-2.072210378086688731e+00
-2.029318111862190577e+00
2.315213815591662172e+00
-1.363733140632134067e+01
4.591868704224010500e+00
-1.082756044630384906e+01
-5.010624882449254081e+00
-4.798131986803171323e+00
7.068205195534918994e-01
5.194969733381687327e+00
4.551491530222843807e+00
8.408410858968698776e+00
-1.821215886546021734e+00
-7.290253980766103759e+00
2.258413399225973173e+00
7.644151177232987315e+00
-1.323461551889982823e+00
