-2.301638654203277401e-01
-1.205394699468710085e-01
-4.795291606732976497e-03
1.613193922284235082e+00
-9.990132771269795153e-01
5.086766512538798413e-02
1.444777179682334989e+00
1.314531523060539886e+00
-7.938868564245716852e-01
1.494632014595753455e+00
-7.388845689634566671e-01
5.435879146110020876e-01
1.306374092445554247e+00
9.569904055749891558e-01
8.873371265267061547e-01
-1.566312239386601135e+00
1.493177876385130887e+00
-3.485493034928234257e-01
1.752600376069171961e+00
2.136610390581793251e+00
-1.105007588987106715e+00
-3.973153897242727162e-01
3.596409098330218823e-01
2.761513261789722007e-02
-8.934565454832057441e-01
4.519611239073588749e-01
5.144191971697196220e-01
6.290877358617946724e-01
1.218350859233637840e+00
8.593879300847991898e-01
-1.275530712940601941e+00
2.059530016649311790e+00
-4.925156937758435882e-01
-4.389513167482936851e-01
2.667750343775616262e+00
1.831847588333035404e+00
-1.461164929627825071e+00
7.525431721424112874e-01
1.963739430674090514e+00
2.809223182809024166e-01
-1.496513721841880695e+00
7.944881727767809654e-01
1.274635044426734032e+00
-8.693107874756833553e-02
-1.129115126902170640e+00
1.177544031269849301e+00
1.674775032914362027e+00
-8.517910782555911942e-01
-4.004074659893849253e-01
1.417137574462814298e+00
2.320501707792501200e+00
-1.229476325747199006e+00
-2.603827692867566768e+00
-1.770833118355163549e+00
-6.102095651301120416e-01
-3.639173856029719323e-01
2.486405253243830771e-01
-2.912686962932834467e-01
-7.640619200995709681e-01
-7.773459809186981095e-01
-1.091960682386976966e+00
-1.524767962489414153e+00
-1.537987187960178748e+00
-4.057835200859666869e-01
2.763467936105012401e-01
-4.062731018036139230e-01
-6.201827687616291440e-01
-1.160057545006018653e+00
-1.789695048560930868e-01
-1.979528890081377890e-02
4.807533795303576274e-01
9.964245094568972005e-01
2.084700361455750495e-01
-2.674962419489308907e+00
-2.023081135258186780e+00
1.814236686412689536e+00
-2.176652479292865205e+00
1.035494122381127813e+00
1.589813917262070664e+00
-1.078591475753123419e+00
-6.590794505210920695e-01
-1.992059296628583276e-01
2.215229234539790149e+00
-1.542875417950306804e+00
-1.319453918196468845e+00
-1.865059688515971814e+00
-1.560085645224829065e-02
-8.018786534548794087e-02
2.615296339659408886e+00
-1.581303347373226309e+00
-2.008846297700253580e-01
-1.430843612516455865e+00
6.670664611894645546e-01
-4.811917301003630909e-01
7.836160155354503498e-01
-3.915598283680825631e-01
5.812918835864118172e-01
7.718010554663744527e-01
-1.217267840250488842e+00
-7.229994256286083054e-01
1.086620857829590836e+00
-1.036873439616297077e+00
3.634229228803295686e-01
3.862746123039318413e-01
-7.261190708657310200e-01
-1.201067859725917675e+00
5.593978887910990849e-01
-3.210035944466361535e+00
-1.507368166578014979e+00
-8.283105951797898880e-01
-1.396281603042131447e+00
-6.624372587602667117e-01
-1.419194500566002826e-01
2.688482459368800592e-01
-1.645317351130295980e-02
-3.850995527590379552e-01
-7.075923135513175755e-01
-2.141065038337773174e+00
-1.622135489094040706e+00
-2.477174151002444091e+00
4.164893160713289966e-02
-1.734454593569803027e+00
-2.783929972042308520e+00
2.643608423148171571e-01
9.078707032121847709e-01
-2.161628839230869126e+00
-3.153783020250151004e-01
8.337031242022170385e-01
-2.767817461995971229e+00
2.217175882450765911e+00
5.086098252910662421e-01
2.895731096193145504e+00
2.960891306834394499e+00
5.624760628435910848e-01
6.217812890010032678e-01
7.365081609813710628e-01
2.743002189125462453e-01
2.325932703220801867e-01
-9.866423641257650035e-01
-2.607279518888248493e+00
-5.351460026582235407e-01
-1.335818083345011731e+00
-3.160710810876621313e+00
1.438684384981089304e+00
1.848680169636817139e-01
-1.153775538792000566e+00
-1.511802999813759651e+00
1.155953420930006859e+00
3.142343466865473167e-01
2.179256023023321553e+00
4.815250303472685678e-01
4.237858499617852548e-01
5.080343559900403205e-01
6.805869079710786806e-01
-3.127819007731788226e+00
-1.541110637981519371e+00
8.717603029345782906e-01
-7.263646233125776730e-01
-1.265735721504863687e+00
-2.773125998513282786e-01
8.505957944288277117e-01
2.345193980244998366e-01
4.057845173160619101e-01
-1.503181977266591085e+00
1.824206810846583648e+00
-4.276649783430349627e-01
2.736949864896510154e-01
4.794976403931718867e-01
-1.549206933310142587e+00
2.670326203343481808e+00
-1.752305655970153531e+00
-3.550501753515564740e-01
4.803317549525982222e-01
1.016172184241355136e+00
-3.902147858546795023e-02
5.872047077866697773e-01
3.704409947876320386e-01
-1.252077282962123617e+00
3.614991130630956229e-01
-1.129896483671663843e+00
-5.095035389284930938e-01
1.214304302044739270e+00
1.053471604760171765e+00
-2.822862328600431958e+00
-3.175064279675473555e-01
-2.504495370357667561e+00
-2.477810229325843050e+00
-8.538653964402018737e-01
-1.610279609529119860e+00
3.209223383274468766e-01
9.262173402608286921e-01
6.637360716046054598e-01
-1.255378571592424386e+00
-3.293266566090858660e+00
-1.657332771434294472e-02
-9.239730034414109783e-01
8.414213987282841423e-01
-1.316669808026167177e+00
1.515611757084949218e-01
-2.555783775300725091e-01
1.765486948696142200e+00
1.641723757710692455e+00
1.199375443124986784e+00
3.152767593725864792e+00
2.419942059874540696e+00
-1.046859185796160441e+00
1.538554022637107943e+00
-9.421876045691646162e-01
-2.685136652796445755e+00
1.253488523848762082e+00
4.310170866385124033e-01
7.462233275756868789e-02
3.240165619221740734e+00
-9.624841199454476914e-01
2.877993974764617047e+00
-4.801053295730883796e-01
-8.498651307141160682e-01
-9.655154247593534800e-01
2.286522631598127298e+00
-1.673881725253830721e+00
-9.435193302685500605e-01
7.614635441164261387e-01
6.948898872855748809e-01
4.159427613659889000e-01
2.371030713264500100e+00
-6.837336857219742381e-01
7.587882527680454015e-01
-3.142935905445726208e-02
1.308469218282670710e-01
-8.458105956954632410e-01
1.286677789395177740e+00
-2.100719911116341709e+00
-6.258433713295876721e-01
2.895618089023228148e+00
-1.118330997427714024e+00
-1.012503038830915525e+00
3.295217584389804610e-01
1.299577830319702809e-01
5.448360469435230558e-01
-4.951487751852389207e-01
3.834893384602890420e-01
-1.358302993128938096e+00
-2.304912784912439783e+00
4.120999363006974670e-01
1.654581227852750525e+00
-1.379018524639628485e+00
-6.410412982337602150e-01
2.311111494376143938e+00
1.047690166055827543e+00
-1.009728812860870795e+00
-1.907860658779559238e+00
-2.697208468779090040e+00
3.324303229223977141e-01
-3.533457834252807572e+00
-1.106226295149924432e+00
-1.720625049260005035e-01
2.212937467608115050e+00
9.183812944739588868e-01
2.937622779871547074e+00
1.933141319503624445e+00
-1.358364484613498124e+00
-6.246762404727292939e-01
-6.094719561540296038e-02
3.770503251706049497e+00
-7.514296306113307233e-01
