

gen best mean std best_sol
0 36.309081 -2.635958 13.989189
1 48.53704 10.946605 22.429442
2 48.482484 21.472355 19.643386
3 48.411717 26.759274 16.885014
4 48.32295 29.080611 12.689715
5 46.744999 30.871214 13.415622
6 40.637601 30.758179 9.82631
7 40.666785 34.310695 3.518868
8 36.309081 29.626097 12.542328
9 42.845016 35.820307 3.105738
10 61.141593 38.916841 7.8095
11 61.153981 41.829628 9.859249
12 61.225533 41.836783 9.873287
13 61.17836 43.722955 10.385881
14 61.196463 46.229766 11.240417
15 61.196463 48.732376 11.495855
16 61.367945 51.254412 11.221501
17 61.367945 53.771567 10.34232
18 61.332903 53.399072 10.036054
19 66.460703 57.094079 6.860334
20 61.332903 49.070311 21.94309
21 84.149327 58.909469 10.339043
22 61.332903 54.457465 9.824059
23 61.196463 53.925365 7.365433
24 61.17836 48.528123 17.357139
25 67.802427 55.383593 6.968998
26 73.202454 58.201442 7.851475
27 73.542117 58.591392 7.46738
28 73.305637 58.567744 7.420222
29 67.802427 53.388851 11.991502
30 61.17836 46.156306 22.910948
31 61.154452 47.496391 16.680748
32 61.141593 45.651523 14.577684
33 55.044609 42.718653 14.236049
34 55.026266 42.873486 9.08792
35 52.261671 41.307626 10.33421
36 50.385293 40.616139 11.635267
37 67.303253 48.457797 7.276153
38 67.303253 48.457797 7.276153
39 67.192023 48.446674 7.247364
40 67.330342 48.818614 6.911228
41 67.367259 48.822306 6.921118
42 67.3502 49.406143 6.646558
43 67.367259 49.407849 6.651164
44 67.3502 49.406143 6.646558
45 50.385293 43.861496 11.039829
46 50.361486 39.047938 18.190732
47 50.277313 42.03818 9.724862
48 49.039185 37.310249 16.067702
49 48.914167 38.955827 10.011977
50 48.093249 39.721236 6.928819
51 43.26801 37.467831 14.856318
52 43.243555 41.974769 2.395131
53 43.203439 37.484506 13.259124
54 67.405575 44.460118 7.956726
55 67.420839 44.461644 7.961127
56 67.386974 45.692465 7.619642
57 67.383189 45.692087 7.618565
58 49.153882 40.591068 9.733136
59 49.15428 43.704063 1.818802
60 49.019876 43.690623 1.778528
61 49.260592 43.714695 1.85066
62 43.203439 43.034988 0.209255
63 43.193547 40.103325 8.741161
64 43.191573 37.079848 13.975968
65 43.136256 36.743021 10.376816
66 43.130198 32.996011 15.40921
67 43.084503 32.943102 14.745594
68 43.027514 29.640471 15.814305
69 42.966389 29.344533 14.962127
70 49.353435 37.178255 7.801618
71 49.353435 37.178255 7.801618
72 49.205398 37.163451 7.778608
73 42.966389 35.080413 12.273966
74 55.124278 40.575537 6.227126
75 48.995483 35.652873 17.923982
76 49.587385 42.331722 4.089605
77 48.995483 42.095338 3.714502
78 49.171386 43.952249 3.119882
79 61.280813 48.909943 6.750871
80 61.215662 44.800636 9.791857
81 49.845204 36.639792 20.672541
82 49.702695 46.779088 2.79845
83 49.812593 46.790078 2.810101
84 49.428389 43.157742 13.874414
85 67.546127 53.210422 6.14978
86 67.436299 51.439077 10.456789
87 67.422263 54.427282 5.704395
88 61.340444 52.408233 5.528056
89 55.452029 49.096977 12.604255
90 67.277385 56.158523 3.720117
91 67.294431 57.472421 4.908315
92 67.263508 53.219035 14.57353
93 67.263508 61.193126 5.999815
94 67.340858 62.479449 5.177525
95 67.362981 64.87583 3.888661
96 67.340858 60.889207 15.229803
97 67.232136 66.017943 2.306633
98 67.307472 67.186983 0.059092
99 67.232136 67.164301 0.051539
100 67.229005 61.630828 16.577874
101 67.423228 67.183411 0.092387
102 67.229005 64.744363 7.237353
103 67.206165 59.211876 17.330967
104 67.197219 59.181384 17.320113
105 67.193964 53.709327 21.948822
106 67.140114 48.202092 24.62095
107 67.1387 40.855167 28.525681
108 67.532966 48.241377 24.651431
109 67.484987 58.541198 13.279066
110 67.4152 61.051856 10.97375
111 67.816643 66.650393 1.798263
112 67.683264 66.637055 1.79004
113 67.922101 67.299047 0.291644
114 67.828413 67.336292 0.241634
115 67.683264 64.899451 7.322996
116 67.448982 67.312378 0.104358
117 67.448982 67.381291 0.044264
118 67.476031 67.399039 0.043096
119 67.498413 67.401277 0.047402
120 67.543233 67.437168 0.058733
121 67.528213 67.464507 0.044251
122 67.532068 67.496095 0.02636
123 67.671402 67.528344 0.053654
124 67.564742 67.501639 0.043063
125 67.532068 67.49256 0.034066
126 67.528213 61.906242 16.756514
127 67.513266 64.571856 8.755719
128 67.786599 67.52004 0.090749
129 67.845295 67.525909 0.10805
130 67.542131 67.49986 0.018996
131 67.525798 66.890003 1.833305
132 67.513266 67.493274 0.014364
133 67.511889 62.312691 15.535091
134 67.66199 67.508147 0.052836
135 67.727102 67.534215 0.08205
136 67.66199 67.509457 0.053065
137 67.917217 67.555622 0.130465
138 67.895249 67.553425 0.124402
139 67.748575 67.538757 0.085934
140 67.74446 67.561283 0.096844
141 67.711701 67.550785 0.072648
142 67.853758 67.564991 0.108008
143 67.66199 67.532521 0.049009
144 67.57866 67.515503 0.024531
145 67.531292 67.488095 0.062455
146 67.529057 66.876994 1.819918
147 67.529057 67.502882 0.012285
148 67.529057 67.486214 0.057936
149 67.612443 67.497866 0.06005