2.264235816476182706e+01
-5.380492433475276925e+01
1.389377108148508100e+01
-1.301710477023127766e+01
2.069479817090565277e+01
1.821919925525604909e-03
-2.274997705244851787e+01
-8.397734415047336753e+00
3.831951065623862007e+01
1.283665950026958491e+00
2.522363746719010180e+01
1.419585374214666196e+01
-9.088809398680849583e+00
-3.980032800115067548e+00
-1.689174545201684907e+01
-1.403847133548495130e+01
2.652124379025893575e+01
8.956799739805864746e+00
-2.824036977299683571e+01
-1.793502685772429217e+01
-1.848427515959138745e+01
-1.485141854407543605e+01
6.703400233240370376e+00
-2.926389845527985401e+01
-3.284647563420898564e+01
1.153394820191186376e+01
-2.048022097501893768e+01
3.671358000763308382e+01
1.673956135193747130e+01
-1.307319650849797732e+01
-2.448380859602141157e+01
1.925366334413300962e+01
4.626580518239836692e+01
-2.026734396074721722e+00
4.392598721351409807e+01
-1.614901300206865997e+01
-4.226936547105013986e+00
-2.006459903624420349e+01
2.525006745673532649e+01
2.145346223621422510e+01
-5.522122300604420886e+00
-4.248674601814275320e+01
-3.885314742057499604e+00
1.507944498738253536e+01
-4.838578149252827387e+01
4.909572232330645392e+01
4.102032861705356415e-01
2.922130899705923568e+01
-1.717914138941004154e+01
-1.853043966272212373e+01
6.065502057492211385e+00
1.792664849946281080e+01
-4.202177331282302930e+01
-2.813003201456392688e+01
5.166319401339801232e+01
2.481616523358228577e+01
1.870693408022391679e+01
-1.743151913751430726e+01
-2.649720889613980646e+01
-4.453702529731550186e+01
-2.879639606607208790e+01
-6.706049606880647218e+00
-2.131267482230091659e+01
2.030949738351998235e+01
-4.882400752204436145e+00
2.346402335163666564e+01
3.105648793127887686e+01
3.985567991873246285e+01
-1.527642153662623592e+01
-2.080718378666346524e+01
-5.161011565594233907e+00
4.301184937953607346e+01
-9.541008520567926254e+00
2.665710714590796471e+01
-5.270528050213569848e+00
-2.643916572645366614e+01
8.480823104921082489e+00
3.241382227022154616e+00
-3.033045956991514203e+01
1.943808979352212063e+01
-3.544693587045251348e+01
3.048442377710839590e+00
1.220102646636917321e+01
2.409903187064114771e+00
3.221774163492943188e+01
-3.463155290492854732e+01
2.566243303291488331e+01
1.523877368533962340e+01
-1.548396526619380609e+01
3.060893664834035910e+00
3.337697914329704307e+00
2.287414488857234751e+00
-3.544319519291552467e+01
1.347928613545403276e-01
-7.274566016103405808e+00
-1.714114376390826422e+01
-5.505159391113793710e+00
9.380702631734843422e+00
-1.521189087385761418e+01
3.157983200781820798e+01
1.308598000350164092e+01
3.189350294720984635e+01
-1.119669994987503792e+01
1.305168399130615597e+01
-2.997365604045973342e+01
1.491912963970949413e+00
-3.047420770860718164e+00
-2.630991334878890697e+01
3.881489618417261145e+00
-2.877704035309249786e+00
-1.311904414801534458e+01
9.868601249130747988e+00
-1.068798216977303639e+01
-2.737622195180360052e+01
-1.009182031115804179e+01
2.875402005414413864e+01
1.727543843373581822e+01
-1.531860987989854195e+01
-1.876411275378751797e-01
5.660792414002371231e+01
7.600666946592796513e+00
1.558506019193056957e+01
-1.826117562228593272e+01
2.232143039691921960e+00
3.704003548957336989e+01
2.290225918505877090e+00
1.297341944962643545e+01
-2.230255483881093070e+01
-1.391934664207049899e+01
-8.404452318729777716e+00
2.376347768320623288e+01
1.132685753914027060e+01
-3.049405936299753250e+01
3.688653898437648593e+01
8.268382356376167142e-01
-7.371469748398170907e+01
2.464686099406765152e+01
2.661219696953485325e+01
-1.334098243528905847e+01
-1.907411221904568777e+01
-3.645211748841514776e+01
-4.876881947047623456e+00
1.227661526718770268e+01
1.454043850369597202e+01
-1.218601301737888143e+01
1.714278679457171606e+01
3.430585050766615751e+01
3.394171468515416734e+01
-3.654762816925781266e+01
-2.478774143861325641e+01
2.275065715685009593e+01
2.676316754730019909e+01
9.439679080063969607e+00
-4.533763274651605002e+00
-1.643185476380049437e+01
1.689175545708578596e+01
-1.507234378979281253e+01
-3.537707506282335146e+01
-4.467723868095503370e+00
-1.052205837979019520e+01
-2.059322370394955826e+01
3.129619232844449783e+01
-2.596705437760188317e+01
1.234109531482914512e+01
-7.410359143994156295e-01
-1.743703260141534983e+01
-9.607139346046308148e+00
1.209094632909034495e+01
2.344089247671127296e+01
-5.654795816641037476e+01
-3.052463985600842378e+01
6.733948004441435486e+00
4.508609870014054444e+00
-4.351231464631700163e+01
1.050157960156125192e+01
1.983928720027687120e+01
4.472954480219111240e-01
9.037059833489170302e+00
2.205192570215702119e+01
-1.977025633423566475e+01
-1.413326367832215524e+01
3.324168256194439408e+01
3.702956621375960822e+01
3.478866748185870250e+01
1.936576532268673390e+01
-2.142261170175411777e+01
-4.800455322218916621e+01
1.980252023665224570e+01
-1.314132173481721821e+01
-5.555179578563000575e+01
2.410775188696061377e+01
-1.173147985202929622e+00
-3.619458290819699897e+01
-1.388539758203213736e+01
3.357485542062220674e+01
8.395858429950094903e-01
-2.651677631208504593e+01
3.161508642370077737e+01
-3.013151018999344188e+01
1.845027529680523859e+00
-5.567638299843332028e+00
-6.925794904573026933e+00
3.440423349387429397e+01
-8.057140670429731699e+00
-4.704665256262026674e+01
-1.435477262251426644e+01
-3.573629861129129281e+00
-1.947819919658428134e+01
2.552078090014187239e+01
1.320926616488824656e+01
1.952041587712479043e+01
5.143651691270142123e+01
7.344309563908523408e+00
2.979687623939575047e+01
-1.127806719290636117e+01
-2.857834576697333162e+01
-2.650274637426156588e+01
1.457770277485704291e+01
2.287179497499041503e+01
-8.033728137691302784e-01
-3.524675936231661666e+01
-1.504781552401976441e+01
6.188421589966083269e-01
4.207623594993739147e+01
1.494149821898506580e+01
-3.499200327219288198e+01
-1.141029029274998274e+00
1.483606259259943982e+01
-1.908720004865114106e+01
-4.757061357230902843e+00
1.216185745672420637e+01
1.941717301381288507e+01
4.696628029134630111e+01
-1.149642809739599691e+01
1.042167990970294511e+01
-1.986558829926322645e+01
-1.289627043273200080e+01
1.098474067294742440e+01
2.559479154162262304e+01
1.239740073175080148e+01
1.411564541214917767e+01
-1.447365822348887887e+00
-1.400551448389273013e+01
-2.219093774219508575e+01
-4.749431929765033367e+00
5.765396745101272202e+00
-6.873912966266545688e+00
6.847578345939787425e+01
2.151006408617491417e+01
-1.739070791279755923e+01
-3.466283808123036891e+01
-4.651482350192087978e+01
1.727864774400753944e+01
-5.838283766093658400e+00
9.383410060624822080e+00
-4.359125635075769623e+01
5.121961095460694224e+00
-8.481869799619024874e+00
1.859496465694809197e+00
3.836250225487394250e+00
1.578208110263681263e+01
1.696837977114904916e+01
1.857306984381877690e+00
3.351624768922508935e+01
-1.376675501147112790e+00
