4.737364322890524448e+00
-6.091983260002272083e+00
4.655915808029752689e+00
-1.473336910885170381e+00
2.192174008889928860e+00
1.447842893961861943e+00
-3.898938670410647678e+00
3.939419367149207263e-01
3.527182989513979905e+00
1.889528776983626202e+00
4.631715312287151498e+00
4.266534336605115385e+00
1.639619676123960090e+00
-2.855283458419261566e-01
-5.669472940489412860e-01
2.466814896185853812e-01
3.734401568933119808e+00
-1.202679453511263485e+00
-4.171927205175514963e+00
-3.884958064595660510e+00
8.063057240694986305e-01
-2.631151219339654901e+00
-2.418995089113876062e+00
-2.566742931229001101e+00
-5.161584398925610273e+00
1.405035202758360358e+00
-6.760602773142534438e-01
6.157907033119697893e+00
3.760273205204628377e-01
-5.332666199581311162e+00
-2.356888721149409616e+00
2.770293955611011327e+00
9.532612072107180978e+00
-4.377272867668570377e+00
5.328721604890938046e+00
-2.628406676257160957e+00
-1.765797115025878661e+00
7.173492680629739437e-01
1.474620128741237712e+00
3.909642642044912630e+00
-3.021816292480938859e-02
-8.874752267198374511e+00
3.257461799022884463e+00
-4.471318894497633978e-01
-3.489681351205670801e+00
4.549825985677449225e+00
5.358689710574717768e-01
5.967031214421417040e+00
-1.252608013539282528e-01
-5.919716604883804578e+00
4.086478960279936956e+00
-2.028194790695854177e+00
-6.400839824720083726e+00
-3.469412622402748170e+00
3.060861159238137841e+00
1.583317413221012604e+00
4.320385874453351871e-01
-3.703716368266836589e+00
-2.382270437290274767e+00
-5.230456389748761481e+00
-1.489170807401708263e+00
-1.976892782063664367e+00
-1.731377914887034963e+00
5.624858883148435851e+00
-2.621271027363425876e+00
-1.865518368217077505e+00
3.424977363556392707e+00
1.729906348831071528e+00
-1.196812825846526485e+00
-5.263151972770177878e+00
-4.485637551984523186e-01
6.355171685390200054e+00
-1.966585715429338022e+00
1.792642216585879078e+00
-1.653486630180790451e+00
6.196108637603506830e-01
8.183619916491722268e-01
4.145327880095655892e+00
-4.084571518733996598e+00
1.176764008909547465e+00
-7.047591081512955213e+00
6.770476220923765664e-01
2.654621640370039781e+00
2.134977705518528612e+00
6.001880933057893053e+00
-2.757579608889378697e+00
6.755110367087429957e+00
4.312763026986878856e+00
5.037482383540010655e-01
-1.216795663231556412e+00
-1.555337337522812113e+00
4.582626833681746614e-02
-2.080911278255655361e+00
1.577798124552536763e+00
-3.060827808150384133e+00
-2.721778801257003444e+00
3.509993359772946242e+00
-2.035581300117522474e+00
-6.022036793326533299e+00
2.471466623183436795e+00
-2.925341128351476083e+00
3.705334278036184870e+00
2.054382561195472690e+00
4.959269163990444595e-01
-4.872017506317767754e+00
-1.249393660692831087e+00
-1.296845365447911291e+00
-4.027105372619553258e-01
8.804433281125707556e-01
-1.512512951841882947e+00
-4.891684060715126847e+00
3.427671374096005863e+00
-7.922249363121356414e-01
-3.342915796548012963e+00
1.035282617028063568e+00
4.188072888735019816e+00
8.673355645754456944e-01
4.463629451874129295e-01
-4.494313538511910622e+00
1.607953537176714853e+00
1.875131709293650806e+00
1.588185270085920475e+00
3.554267217614678342e-01
2.927863090132721169e+00
2.900784633064671603e+00
1.959159354824283383e+00
-3.671447080114651929e+00
-2.160656333491835834e+00
-6.158177165719054713e+00
-9.368627755280087288e-02
9.016968928495117108e-01
2.299227606643327260e+00
-8.529221468676109197e-01
3.984858100465313857e+00
2.549553021838164568e+00
-7.393449882992834787e+00
2.314586978177547216e+00
8.260680394999341258e-01
1.003888535667285531e+00
-2.335247584489576145e+00
-8.113253800849065556e+00
5.206082475437686652e-01
1.119408988824216244e+00
3.472937760905927096e+00
-3.153189764030991604e+00
-8.263338188153549480e-01
1.537899529629573436e+00
6.315220497367011188e-01
-3.030615011274199411e+00
-1.297509874094549431e+00
2.207024986032834590e+00
5.744220830525667232e+00
-1.061811147204992700e+00
3.994317716567368226e-01
-1.068218057224907591e+00
3.397079109938775154e+00
1.299760584002406683e+00
-2.638988453102245391e+00
9.307963672732371130e-01
4.615600812233036088e+00
-2.972251448718512101e+00
1.552538286638030840e+00
-4.009882007226000411e+00
-6.020964806833807303e-01
6.491174992471611116e-01
-1.606745561659006505e-02
1.033132999125892626e+00
-7.218137715295336321e-03
2.404624017329792807e+00
-2.930931797286241647e+00
-2.243828580542512441e+00
2.901322887001657858e+00
-3.857794177021145465e-01
-7.718154042221485156e+00
5.766754271649793928e+00
-5.323955334355692237e-01
3.239650446157858354e+00
3.805698423699545030e-01
1.015405852313711055e-01
-1.171202051863211357e+00
-3.080982658770043070e+00
2.272588115773354900e-01
1.824402194843543379e+00
2.729961765967998666e+00
1.924601606433488765e+00
-8.663716687216709289e-01
-6.122430588592400191e+00
1.365841456861923930e+00
-2.819925802142986271e-01
-5.025156286759651536e+00
2.571509109296915341e+00
2.208486686671055743e+00
-5.587961533635489531e+00
1.642549584812271535e+00
5.273045506078009481e+00
7.049133425103135675e-01
-2.500351509745893264e+00
5.241104562450786819e-01
7.998707711032451151e-01
5.737933309617615052e+00
1.738282374933697305e-02
-6.159999064333342156e-02
3.243878530638146795e+00
-4.065288766044584889e+00
-2.775562510998324406e+00
-1.477531154546281034e+00
-1.959196847025380883e+00
-9.415253387497910520e-01
4.522217835561998633e+00
4.590292330056969128e+00
2.359335930965065664e+00
4.285704031322127960e+00
-2.612963835687807990e+00
7.835189818088228453e-02
-8.371459324635548427e-01
-2.209591953320627411e+00
-1.984530729836957441e-01
1.240202490376729028e+00
6.091761068826687442e+00
-1.987893937380066367e+00
-1.701178243479980701e+00
1.568920064342773646e-01
1.696459474973911474e+00
4.539827925505711015e+00
2.261328180253304732e-01
-2.922332152943608374e+00
5.837430442750897175e-01
7.527172015934883165e-01
-1.693946672880214610e+00
2.821557036890627757e+00
1.898546523289813104e+00
4.160975461353195737e-01
6.017563100496063022e+00
-4.474113160323554550e-01
6.779406293740708467e-01
-4.341969642284542630e+00
-2.841372969139849047e+00
3.564731113588155420e+00
3.920929221408318455e+00
2.018481755049049475e+00
4.104249713297722479e+00
3.302197386603768603e+00
6.384362685925404346e-02
-1.436225973271553658e+00
-1.740286261560140435e+00
1.077293425773851121e+00
-5.391522290834048547e+00
3.939411094442939465e+00
2.669646688077046193e+00
-3.257019806328226519e+00
-6.657807155038736546e+00
-4.812814369707779427e+00
-1.292323086436082402e+00
1.828140138497766909e+00
-1.347755581937263969e+00
-4.847441420978114479e+00
1.865720224360746693e+00
3.315171559911542332e+00
7.534307822145943634e-01
2.499854098305647643e+00
2.439404274399221695e+00
3.299635666321934835e+00
7.396348392735441202e-01
6.425625400684261024e+00
-6.592230506482046337e-01
