

gen best mean std best_sol
0 20.300108 -2.857323 8.293952
1 20.356518 -0.591656 8.166778
2 20.384693 0.832765 7.71315
3 20.412849 0.836449 7.719517
4 22.228027 9.970859 8.645939
5 22.228024 11.964854 7.235734
6 34.708644 19.488963 8.994892
7 36.35838 23.408432 8.121981
8 36.222175 26.980693 7.1574
9 34.708644 27.650752 7.821837
10 34.487874 29.270243 4.942244
11 34.480336 28.110079 6.527611
12 34.394293 28.857319 4.718457
13 69.552743 35.51219 11.664592
14 69.57104 36.070966 11.341816
15 69.640848 37.703858 10.983602
16 48.730343 33.823534 14.593284
17 50.30082 42.8449 5.821394
18 53.250532 46.54082 3.953489
19 53.176456 48.463057 2.722754
20 53.206283 50.284648 1.909397
21 54.517369 51.520868 2.148874
22 54.913525 52.148651 2.131229
23 55.038606 52.779478 1.952152
24 61.109841 54.537632 2.68071
25 61.067786 55.702694 2.041642
26 61.1047 55.706385 2.051349
27 56.963033 53.848592 3.900344
28 56.269793 52.31127 5.187208
29 55.41635 47.352268 14.455856
30 55.381594 45.400263 13.490998
31 55.038606 44.609169 12.774908
32 54.913525 42.998661 13.112584
33 54.517369 42.205353 12.751474
34 54.252598 38.82488 18.07441
35 53.206283 40.023407 11.442125
36 45.966229 37.109477 14.566461
37 45.322465 39.205907 7.482902
38 61.139457 46.098346 7.428769
39 61.130844 50.176589 7.490809
40 61.124175 51.462426 6.449129
41 61.099355 51.96382 5.901352
42 60.420413 48.433825 9.081684
43 60.748413 53.665483 5.622354
44 60.736696 48.146818 17.07609
45 60.748413 52.797859 5.008736
46 64.131093 54.704789 5.320771
47 64.079528 54.699633 5.31165
48 60.748413 48.957311 14.739648
49 60.420413 50.904218 5.655395
50 55.205546 46.016888 17.549565
51 55.014863 44.21252 19.623052
52 54.936631 45.764371 9.731798
53 52.225037 43.901077 15.509115
54 52.204575 45.741115 6.026855
55 49.956319 43.922312 12.173552
56 49.133962 44.163135 12.375997
57 49.035853 46.443912 4.043981
58 55.401962 48.475888 2.709369
59 55.401962 49.337178 2.496446
60 55.401962 49.572559 2.402291
61 55.396152 49.945373 2.170145
62 55.378559 50.256226 1.993173
63 55.419227 50.697282 2.134144
64 66.996774 55.490272 6.128347
65 69.960567 57.546254 7.110576
66 69.922725 57.54247 7.103975
67 69.949 58.828237 6.049744
68 67.773255 55.76438 11.637811
69 67.86314 58.830446 5.522755
70 67.824883 61.37899 5.962734
71 67.828555 61.422772 5.919777
72 73.578059 63.850226 6.050165
73 67.828555 61.863836 7.580621
74 67.50948 57.618935 14.168914
75 67.442013 58.22081 10.425243
76 66.996774 54.380368 17.450192
77 67.610841 60.780709 4.822888
78 66.996774 55.697696 13.656285
79 66.906545 56.594208 7.3449
80 61.440935 52.514087 12.63136
81 61.297219 48.129667 18.203272
82 61.289958 48.708309 15.478204
83 55.695647 49.179649 8.979868
84 55.625447 52.338326 3.288313
85 55.577257 47.046647 17.760803
86 55.431799 47.962434 12.993424
87 55.384085 50.646145 3.630431
88 55.251976 46.048653 17.663505
89 55.561148 52.901844 2.479163
90 55.542623 54.043802 1.885398
91 55.666953 55.360753 0.215626
92 55.654732 55.440961 0.165221
93 55.630453 55.475835 0.119284
94 55.774781 55.593745 0.098107
95 55.749515 55.592525 0.05819
96 55.749515 55.633137 0.05892
97 55.749515 55.646628 0.059704
98 55.773473 55.692601 0.057192
99 55.772462 55.71719 0.043501
100 55.760977 55.687186 0.112976
101 55.823998 55.733423 0.043579
102 55.762203 55.727243 0.033517
103 61.73752 56.347937 1.796589
104 61.73752 56.350424 1.795727
105 55.764933 55.697504 0.169667
106 55.773473 55.756442 0.009075
107 55.764933 55.753931 0.007318
108 55.766159 55.756483 0.006659
109 55.78758 55.761678 0.009988
110 55.766159 55.757235 0.006876
111 55.781314 55.761698 0.007726
112 55.781314 55.761059 0.008594
113 55.766159 55.720798 0.114155
114 55.766159 55.758974 0.01037
115 55.766159 55.759121 0.009942
116 55.766159 55.760161 0.006972
117 55.766159 55.755661 0.014496
118 55.766159 55.760422 0.004953
119 55.764933 55.760546 0.002834
120 55.762354 55.101317 1.976224
121 55.762203 55.684541 0.150564
122 55.762203 55.743876 0.038891
123 55.760977 55.683543 0.218706
124 55.759829 55.698313 0.17616
125 55.7738 55.758704 0.008191
126 55.817751 55.768431 0.017016
127 55.7738 55.759858 0.011289
128 55.7738 55.763243 0.004275
129 55.772657 55.76441 0.003754
130 55.784984 55.768961 0.006474
131 55.78527 55.770195 0.011119
132 55.78527 55.770731 0.011981
133 55.810168 55.780788 0.010822
134 55.78527 55.739383 0.11739
135 55.791536 55.780161 0.006951
136 55.78527 55.778639 0.007412
137 55.784984 55.775162 0.014186
138 55.795124 55.782394 0.005158
139 55.784984 55.775336 0.017183
140 55.784984 55.7391 0.121905
141 55.782539 55.731895 0.127293
142 55.782294 55.770205 0.016429
143 55.781314 55.77521 0.004424
144 55.781314 55.773693 0.007748
145 55.781314 55.775071 0.004645
146 55.781314 55.775961 0.003857
147 55.781314 55.773404 0.010284
148 55.781314 49.564757 18.634
149 55.781314 55.771825 0.015886