3.111930781608112895e+01
1.637618513582863811e+00
3.179119787037297939e+01
-2.679441178888134090e+01
1.192089609713410781e+01
7.747542368861761730e-01
1.487881098794566803e+01
4.952430282442614740e+00
-1.324654021790556158e+01
-8.515567424635587912e+00
-2.701903737172537490e+01
3.332761340047404097e+00
-4.612666274829026136e+00
-3.714740882103883735e+01
2.297107333202363932e+01
1.263113205923362337e+01
-1.325223747907274507e+01
-4.108270350614849065e+01
-1.763002794743131219e+01
2.149887597194639355e+01
-8.685486442182163813e+00
-1.837150333410949798e+01
1.278565334858412683e+01
1.865886549975984821e+01
-1.909078142097532549e+01
1.375275278570152082e+01
7.947440297554234867e+00
1.988409354883483582e+00
-7.271663370088353950e+00
1.766582587963462458e+01
4.789441973596193947e+00
-9.325236377535913945e+00
2.241325458690812233e+00
-1.735347697127877620e+00
-2.818384179014012858e+01
1.428655881099870051e+01
-1.872918800757271640e+01
2.305176535055027398e-01
-1.898860106261634328e+01
1.739152023782560619e+01
-5.238505139122299425e+01
-3.375694124360966697e+01
-2.530584282265041196e+01
-8.864741310926588014e+00
-5.099056795541194731e+00
-1.908413267006333180e+00
-1.265021055848837150e+01
-7.202916165798226800e+00
2.546297253070025590e+01
-4.238433125654815115e+00
1.982976919106180347e+01
-2.516286856592071519e+00
-6.383542144291611820e+00
-4.821471357255980905e+01
-3.934871640632410816e+01
-1.092946162033996416e+01
3.530271575353469871e+01
-1.355093321868132428e+01
-2.730716264376758406e+00
-9.332245229067096304e+00
8.500205835892675310e+00
-1.410873367632080111e+01
1.720025274286579986e+01
1.008032894181404515e+01
8.923324156119752715e+00
-5.768194437708840994e+00
-1.732544741920086295e+01
1.056744251654969524e+01
1.311225234451983246e+00
-1.156321350678465798e+01
2.654837946889825062e+01
-5.281377866823387990e+01
-3.500252600036800743e+01
2.379093284695138522e+01
-8.041203992493064945e+00
-7.666494558537655379e+00
-1.699395784051040792e+01
1.494247749728208063e+01
1.340437504009818248e+01
-8.160948035351614394e+00
1.581617410216184005e+01
1.688000801059661526e+01
-3.735638501934545275e+01
3.321219967361532355e+01
-1.391311443140557103e+01
1.552891046552673160e+01
-7.413361199981480354e+00
-5.937002879957662849e+00
-2.911177640172390824e+01
2.661622150197282366e+01
2.831473441543573166e+00
-9.713760035027384276e+00
9.807289487768519720e+00
8.266941668647014296e+00
-2.702306595893672281e+01
5.442242891555694184e-01
9.747988672987172976e+00
-1.968692953174181781e+01
1.454668225388232550e+01
3.602142855414696587e+00
-1.050750651918281697e+01
-1.456661973982239999e+01
8.759441092566722986e+00
-1.287339054014890216e+01
-1.025145966155690935e+01
-8.563562679795674981e+00
-1.155211693495666481e+01
1.609742249916865831e+01
-4.392137685407478642e+01
3.283540382463937135e+01
-8.020193448773520473e+00
-6.238213152235098313e+00
-4.301079578024023675e+01
2.864391474277201421e+00
1.574852189519944545e+01
-5.882461471349523130e+00
9.233299043929623195e+00
-4.196025636251668089e+01
-3.058033891580371311e+00
3.162139268057464392e+01
-5.553585488228652833e-01
-2.495130872076499529e+01
-9.376428296988818190e+00
-4.336887168955126270e+00
2.125227943570233435e+01
-1.496852844247283620e+01
-7.801557299167733994e+00
1.806284409702020000e+01
6.956354058225049819e+00
2.858037150672850046e+01
-2.264418293897227130e+01
-3.129450802078715554e+01
-1.235380453141251245e+01
4.762712975886278510e-01
7.951247003674557057e+00
-4.566457564830520788e+00
1.536789796512258333e+00
2.102120247379762574e+01
-1.730756220114812649e+01
-1.024110783934149538e+01
-2.966861116400464127e+01
1.059982088640281361e+01
-2.406588447885037230e+00
-3.602158094232691177e+00
-2.812669067681387958e+01
-1.158851573395716272e+01
9.590663702760220843e+00
-1.645841406886428260e+01
-5.362490053921233013e+00
1.972374658909842760e+00
7.963138248792594354e+00
1.531614677060407637e+01
-9.012874901809057704e+00
-5.037332266635354827e+00
3.338936155292300700e+00
1.014027002463656935e+01
-3.902260395887140731e+01
1.273250023494540306e+00
3.492632257228046821e+00
-2.143947042422606941e+01
-1.853405525304496493e+01
2.694525001917430718e+00
2.201351747840863027e+01
-8.511574607145394822e+00
-1.261735652633442761e+01
-1.279635103714545075e+01
-1.040662457387550965e+01
-1.761413004893078948e+01
1.459216722236775610e+01
1.639614147024709112e+01
2.281824498482328067e+01
8.247212548132109688e+00
-1.758737435118386117e+01
-1.858396824553244286e+01
6.147839368971247609e+00
5.872670689463712534e+01
-6.747170135382905443e+00
1.347162539345203136e+01
-7.713013194939424721e+00
-1.293153297632092880e+01
2.221345679439814447e+01
5.385193562349620322e+00
5.255862815881988226e+00
1.881633461023270115e+01
2.554028934767301351e+01
-1.498905309435021671e+01
-1.671457791009368066e+01
2.657171658360111977e+01
9.076486026228836934e+00
-3.221503559536149908e+01
-3.285787910991143690e+01
-5.479522145499264418e+00
2.130677582637037304e+01
2.611004290668114081e+01
3.362359264418991245e+01
1.101654594958446332e+01
2.909438210721158935e+00
3.077795448474811124e+00
-1.752199059527718461e+01
2.564041411805339621e+00
-1.586153429316193808e+01
-2.845222477273765094e+01
1.382484841736020797e+01
2.901922664400947705e-01
-7.136897430284143695e+00
-2.968025102655337921e+00
1.554689221451396897e+01
-2.742949627481396746e+01
-4.565904623355472580e+01
-1.351269481059690669e+01
-7.989460703188510093e-01
1.474775308508788285e+01
1.048383731424362431e+01
3.431808599580911334e+01
-2.039504640118024881e+01
-4.175164782874189129e+00
2.274468278650932618e+01
2.494300847439840041e+00
-1.393065105671042758e+01
2.426687007943084140e+01
-1.034314452784334204e+00
-8.797262372684642173e+00
2.884569237158858712e+01
-1.100649633361244284e+01
3.199258677457868849e+00
1.404138054806612068e+01
-1.024348759964687261e+01
-3.574196424459729116e+01
2.504965386780936498e+01
1.267787424956309295e+01
1.501375344358877051e+01
-7.899888005537404112e+00
-1.231073099986396358e+01
1.765017091947914807e+01
-1.038390741985887900e+01
-3.903499873623452032e+01
1.637030212798200068e+01
-2.826239848688320677e+00
1.098066649977609543e+01
5.140727328886899272e+01
-3.991826620956398131e+01
-3.664249381443400733e+00
9.122962539967424789e+00
-2.086182695144836430e+01
2.413921587863029572e+01
-2.575058061696769229e+01
9.005199658363824966e+00
1.471314744996250923e+01
-1.552511912623369916e+01
-2.640597403523285180e+01
7.625574303644121699e+00
-2.564198762655476571e+01
6.167218356065290230e+00
9.618539755891305276e+00
-5.248000509699163985e+00
1.734681755295211403e+01
-2.091900966684006136e+01
-2.122116793206950902e+01
1.499596417979866425e+00
-2.377800825094834813e+00
-1.842849224215806103e+01
-2.171928642483714000e+01
1.828896269662021012e+01
2.722765729124235889e+01
1.413960137658039073e+01
