4.460966745542398471e+00
8.974732295805613047e-01
4.010238291771934804e+00
-2.697802111979764383e+00
3.977100412714841937e+00
2.390824571182003755e+00
2.445316156526924800e+00
1.820233610100433275e+00
-2.059577660628946649e+00
-1.134052086564166339e+00
-5.248969924109527341e+00
6.336177959816690075e-01
-1.975786018124347398e+00
-5.685056069014753355e+00
5.144393761223546413e+00
3.118503972441184935e+00
-2.301497195038860077e+00
-6.525457630028102862e+00
-3.363364472883004552e+00
4.451171231368391545e+00
-1.044904019400731965e+00
-2.953244160683377473e+00
3.574514235782352278e-01
1.766407727278177520e+00
-4.194398279854519629e+00
1.925672407876401149e+00
1.382982239789280587e+00
-2.501105904354061771e-01
-5.545450951670837236e-01
3.170357535879393840e+00
2.057378620241463174e-01
-1.399450602742728478e+00
2.047458638252090957e+00
-1.097769573954707756e+00
-2.945691326245240660e+00
7.856391229693242551e-01
-2.527157008001733374e+00
1.176958993356728378e+00
-3.306814662711343278e+00
1.406045435820110656e+00
-8.111020290260878340e+00
-3.931870560733667475e+00
-2.659042162639129625e+00
-7.723393254812650488e-01
-2.528817047092277726e-01
2.032642444837095552e-01
-1.013802635380181005e+00
-2.082702152545601315e+00
3.704936825808839540e+00
-1.469441504654891872e+00
4.266734685178557918e+00
-4.360552760371870229e-01
5.077371691264984666e-01
-9.924681397136918548e+00
-6.543475058413341650e+00
-3.162719031743402187e+00
4.294461516163551096e+00
-4.126891413274217157e+00
-4.511970913161482688e-01
-2.043482365680854063e+00
6.900709080974969378e-01
-1.868824839056449694e+00
9.999123002437116936e-01
8.345594107055177568e-01
1.587330631490527555e+00
-1.656924572440324983e+00
-2.571373359774489664e+00
7.326766457880687922e-01
1.132649351491952228e+00
-1.326626241076587664e+00
4.472856687347847249e+00
-9.086739895825484581e+00
-4.975140775010399530e+00
3.800618139531873663e+00
-2.687066449705633797e+00
-1.085733457156949022e+00
-2.396016976549239175e+00
2.324546066106270459e+00
1.299219203574630166e+00
8.754908512152480282e-02
-6.880893208181674270e-01
4.355580081996669684e+00
-5.355833613995068632e+00
6.344056292924383555e+00
-1.333708099142486780e+00
2.055733589011329965e+00
-1.240330350729865527e+00
8.674761490905015249e-01
-5.134069781183803194e+00
4.311628509171300472e+00
-2.063474451440716895e-01
3.182658693408212808e-02
1.102437727592080030e+00
1.447276011474417201e+00
-4.391600486961601213e+00
3.629450121416021857e-01
2.306176501068906148e+00
-2.372109435355163942e+00
1.889201110845252440e+00
-6.474627435583560908e-01
-1.191256386109097454e+00
-1.687619065528475515e+00
1.878095958260527665e+00
-1.535390857277039833e+00
-4.833517808716100705e-01
-1.028567172658914508e+00
-2.708940897470729858e+00
2.239446163474980711e+00
-7.785328975093269932e+00
5.679130652752578001e+00
-2.031378403269100463e+00
-2.352770303190498069e+00
-7.220201250759409994e+00
-1.490527868130087086e+00
3.297933682740623151e+00
-3.181850556904955996e-01
3.986733938315950798e+00
-7.023240963562711769e+00
-5.665634263597816300e-01
4.261001120414938725e+00
-1.247666947083755584e+00
-3.748109510481911322e+00
-1.997027370883443176e+00
-1.187582920132993491e+00
4.873484362770973632e+00
-2.347803519769370517e+00
-9.137605962773374113e-01
2.696897145931569817e+00
1.378476450216610527e-01
5.054543594710121823e+00
-3.619052242647684103e+00
-5.222444646428450632e+00
-2.519708603949865289e+00
7.943669228844255081e-02
2.235457533994633206e+00
-4.937442156596025256e-01
-1.796265131661494374e+00
1.813071793945265853e+00
-3.035463581395215549e+00
-9.086525786619779055e-01
-3.818240174952222343e+00
2.053773788435286463e+00
-4.768096771862487815e-01
7.513767585370298430e-02
-3.626425876246246460e+00
4.215464531853080898e-01
2.243818566564435901e+00
-1.693755345699941683e+00
2.073655667829852778e+00
-1.589068333906795694e-02
1.269610025943143095e+00
1.568297740892090619e+00
4.475670920505256944e-01
-1.713206224338630346e+00
2.474620261882884975e+00
2.969326833779693864e+00
-5.304286405559084372e+00
1.101703700226247529e+00
-1.490550592028890842e-01
-3.131591581075990671e+00
-1.818398918311877388e+00
-5.704183990913626046e-01
2.816492972365260972e+00
-6.721920763271636012e-01
-1.981086504205660681e+00
-1.793611798949279024e+00
5.583045988379156110e-01
-3.209689290457189426e+00
3.335780455313587911e+00
3.176121852317278282e+00
3.282489724469232595e+00
4.582539230615975123e-01
-1.562267166683529274e+00
-3.914600682396619291e+00
1.256838389497461961e+00
9.170504303316775463e+00
-1.523298957503266049e+00
3.017087422471521840e+00
-1.331607176443584395e+00
-4.709663795165128231e-01
4.530038966855523874e+00
1.421776397173126094e+00
1.068113996936358223e+00
2.653224086639199619e+00
3.886925591099180899e+00
-2.793195466511564362e+00
-1.073452134078527465e+00
3.097332431645365425e+00
2.847190302442728638e-01
-4.609618731203682707e+00
-5.504083695581692304e+00
-1.757980630398398719e-02
5.573826823511658368e+00
5.161217718113599418e+00
4.537651044308254278e+00
2.086073489732096498e+00
1.102003061016045178e-02
1.119791251969505241e+00
-3.295939770344283648e+00
1.327226542306314316e+00
-7.900619464218617827e-01
-4.681250555338357877e+00
3.535037613314913063e+00
1.540659897417659074e+00
-2.180571770064823056e+00
-2.198408521483721678e+00
2.576744433335428575e+00
-4.105986340033234150e+00
-6.732561312528554609e+00
-2.170998538389699917e+00
-3.441445911971133254e-01
2.457312375688084138e+00
7.501542606733357932e-01
4.935952302434778005e+00
-3.958255204030994623e+00
-5.430330820043884898e-01
1.772937815207163315e+00
-8.560364795594774812e-01
-2.974770750543039188e+00
3.345774277811552011e+00
3.697599453543409798e-01
-2.083379800290991568e+00
5.011676318398672336e+00
-2.514726488245959679e-01
1.805707582299227731e-01
1.855222623200928789e+00
-1.573717282983962518e+00
-5.877690257744170310e+00
5.005581207154869539e+00
3.959389731852748007e+00
2.119667561769893904e+00
-2.413863790273533372e+00
-2.536915199205157734e+00
7.382016048005646258e-01
3.475024591013809450e-01
-6.794109700074312919e+00
2.934984280506890197e+00
7.838394205700726092e-01
1.438967146671718877e+00
8.064600129565693720e+00
-6.875582846787202662e+00
-2.063004749856109044e+00
5.742975927834046423e-01
-3.281785051473948833e+00
6.321759546445080424e+00
-3.539542154366505766e+00
1.360696821823269786e+00
1.861299478535408003e+00
-1.391736375068080456e+00
-5.096791678238188794e+00
1.394609524263374700e+00
-4.543802114065752740e+00
-1.327011747493106242e+00
1.344934676452482769e+00
-1.256788805000137232e+00
2.045835347985093478e+00
-2.652374368904743207e+00
-3.798043943102195730e+00
3.918370265532713018e-03
-4.530338516041446661e-01
-2.498716580184661140e+00
-3.106731830369670266e+00
3.337593974831269961e+00
3.045705088973284624e+00
1.665245969535083859e+00
