

gen best mean std best_sol
0 9.728648 -5.198715 5.213192
1 11.098833 -0.147552 7.446049
2 11.894947 6.763636 6.020532
3 24.822067 13.810888 5.552786
4 24.822067 12.86855 8.408962
5 36.153887 21.055227 9.25597
6 36.151931 23.273044 9.451658
7 36.153887 27.753097 5.945473
8 37.329559 31.113076 5.300542
9 44.883716 35.639803 3.676705
10 37.329559 32.341865 7.101692
11 66.088028 37.760235 9.653309
12 39.41759 33.505115 7.452447
13 39.461339 35.894656 1.73302
14 39.43956 36.598409 1.463012
15 39.455912 36.964991 1.006404
16 41.75934 38.293969 1.949138
17 41.757714 37.854378 2.710545
18 41.747544 38.356585 1.871149
19 50.368896 40.430206 3.739249
20 41.766612 39.538391 1.524253
21 41.766612 39.671571 1.386638
22 41.752244 39.429996 2.576428
23 44.575491 40.603074 1.890206
24 44.603348 41.886707 1.96487
25 44.609224 42.402038 1.935325
26 44.62143 43.434527 1.384097
27 55.765895 45.126947 3.717501
28 55.765375 45.412907 3.552726
29 55.765797 45.947792 3.358786
30 55.764109 47.979951 3.992013
31 55.06977 45.270311 6.311177
32 55.063121 47.075435 3.034242
33 55.252303 47.149869 3.043633
34 55.030139 47.127653 2.984649
35 54.892987 47.746401 2.699716
36 54.944989 48.578908 2.889181
37 52.896686 45.714955 7.313218
38 67.271467 52.846265 7.649707
39 67.301821 52.849301 7.655434
40 67.319533 52.851072 7.658779
41 67.26527 51.511366 5.79007
42 54.970255 44.102423 17.149848
43 52.896686 43.832995 12.527006
44 50.371103 45.262732 6.089846
45 50.370967 46.512967 3.334574
46 50.370967 41.887698 12.960279
47 50.359791 46.713399 2.691313
48 50.371103 46.714699 2.692537
49 50.366511 46.714239 2.691913
50 57.077217 48.246346 3.630415
51 57.087667 50.286317 3.72981
52 57.077217 46.258696 10.252831
53 52.039596 45.552255 8.386842
54 50.366511 44.412489 7.535366
55 49.054028 44.271484 7.053119
56 48.660649 46.028677 2.639542
57 53.480234 47.468662 2.370298
58 53.480234 48.254208 2.227593
59 55.251001 49.609096 2.865014
60 60.615601 50.953332 4.233475
61 60.599303 50.951702 4.229757
62 55.251001 49.447828 3.037766
63 53.480234 47.473546 4.625356
64 53.480234 48.798935 2.249866
65 51.371528 44.377337 12.261444
66 52.325226 49.654617 1.922989
67 52.316957 49.65379 1.921841
68 56.046966 52.143066 1.763434
69 55.970925 52.785464 1.842556
70 56.049499 53.448978 1.799028
71 55.941956 52.9806 1.816388
72 55.985331 53.270578 1.439323
73 56.049499 53.375303 1.35003
74 54.600994 50.728724 7.120887
75 67.038952 54.474248 4.309211
76 56.954352 48.301423 17.524534
77 56.950657 51.836657 5.452398
78 56.950657 51.982165 5.034182
79 56.947641 51.981863 5.033885
80 54.600994 51.895415 3.39101
81 54.600994 50.030021 8.63564
82 54.564954 50.975294 3.731826
83 65.85749 53.428428 4.554782
84 67.39604 58.184314 5.486611
85 69.782635 59.930882 6.08785
86 69.930959 62.211783 5.502584
87 69.936233 62.212311 5.503324
88 69.946201 66.217214 3.64438
89 72.797822 67.874141 3.093635
90 73.087744 69.052605 2.565563
91 73.123374 70.649084 2.031562
92 72.928848 66.600776 11.4714
93 72.943472 70.629485 2.008422
94 73.075307 71.400863 1.510243
95 73.689863 72.09934 1.441746
96 73.075307 70.554493 5.200708
97 73.170166 72.650342 0.909447
98 73.086887 72.966805 0.102503
99 73.64522 73.055027 0.213248
100 73.638778 73.108956 0.189166
101 73.571225 73.114437 0.162786
102 73.173333 71.368165 5.205563
103 73.154618 73.053287 0.086144
104 73.274247 73.13352 0.066603
105 73.292073 73.171111 0.075477
106 73.402805 73.202703 0.096735
107 73.402805 73.207182 0.092199
108 73.414331 73.217718 0.088566
109 73.391052 73.21539 0.08353
110 73.391052 73.21539 0.08353
111 73.414331 73.220541 0.085514
112 73.402805 73.219388 0.082933
113 73.457121 73.281932 0.107638
114 73.439236 73.303856 0.096751
115 73.439236 73.331287 0.089138
116 73.431678 73.327555 0.085236
117 73.428933 73.270563 0.156939
118 73.410433 73.321911 0.076876
119 73.402805 72.602537 2.21229
120 73.401915 68.049831 15.818625
121 73.384612 72.930142 1.014738
122 73.376248 73.214296 0.181041
123 73.346586 72.583949 1.845169
124 73.340724 72.560612 1.831865
125 73.33293 65.109889 24.174379
126 73.301031 73.188012 0.127028
127 73.392681 73.258843 0.069197
128 73.420517 73.289814 0.052916
129 73.345667 69.538508 11.213716
130 73.345667 73.290957 0.035484
131 73.410433 73.307094 0.047441
132 73.345667 69.22347 12.216469
133 73.341917 72.558114 2.159205
134 73.35065 73.309738 0.033446
135 73.378236 73.335711 0.025636
136 73.370915 73.339963 0.019891
137 73.36523 73.342886 0.014324
138 73.36523 73.335274 0.019659
139 73.35065 72.605831 2.187895
140 73.347831 73.324079 0.020498
141 73.347831 73.327455 0.016081
142 73.347831 73.328561 0.014282
143 73.361853 73.338339 0.010888
144 73.393093 73.345483 0.018425
145 73.387633 73.352756 0.018757
146 73.387633 73.362667 0.016239
147 73.387633 73.358686 0.014407
148 73.398497 73.362982 0.01473
149 73.403845 73.383216 0.015294