-1.351770076581374447e+01
-1.413196893192739800e+01
5.290884886069387782e+00
-1.629017085473181936e+01
4.492515501409549472e+00
-1.102868450802250244e+01
-2.413337044895327566e+01
-8.197426664764238424e+00
-7.769029858165890978e+00
1.437562027217078509e+01
8.871371919203946410e-01
5.591614500702934976e+00
6.098511337749191519e+00
-7.432304085336710386e+00
1.119814436594825402e+01
-1.409606033091431421e+01
-5.464642778437326598e+01
-2.277177415078919243e+00
-3.054138582265637325e+01
1.379158870704632101e+01
-7.982066348532518951e+00
-1.257652264587433244e+01
-1.139821383866969562e+01
9.406371335140022438e+00
2.916771699277428187e+00
2.981430749466862551e+01
-2.395698422980662912e+01
2.085262721526710195e+01
-1.333286789288131935e+01
-1.497833502490928836e+01
-1.132617982415274938e+01
-9.895682909429289964e+00
-4.759708895934290140e+00
-3.062253897187317975e+01
1.704264279416054251e+01
1.494946156750811639e+01
-2.949811909470611226e+01
1.238730273149826822e+01
-1.335162096208083504e+01
9.108423211297084876e+00
-1.183682850308044010e+01
5.849877676891658496e+00
-1.610386780728298461e+01
2.386208241608232328e+01
-2.381487200722923703e+01
-3.479733530848690748e+01
-2.549719956584567626e+01
7.524276259421140978e+00
6.756053881883256063e-01
-1.109493105963115234e+01
-2.976193924682646319e+00
-7.649122341597226260e+00
1.113630596193109845e+01
-1.969378394029428492e+01
-4.471419279464461027e+01
6.870739841573559659e+00
-1.503217368953530908e+01
6.634725701693509059e+00
-2.735701477625801203e+01
-3.495122725864504787e+00
-4.636277833252600900e+00
2.757191277178806388e+01
7.989224497717990481e+00
2.209221281368187295e+00
-1.073559086181517763e+01
-1.507646233399239577e+01
-2.865752456547337790e+00
-1.043239801305495007e+01
6.428721768756448185e+00
2.225605044126199061e+01
2.183456770792442114e+01
-1.725639088393897680e+01
-8.602860239550993882e+00
-2.808143311893612992e+00
1.716882014754764540e+00
3.127317230667023651e+01
8.250959689704014721e+00
-2.851607239733190191e+00
-5.117672246901535438e+00
3.571769447046379753e+01
5.268839464471739831e+01
1.256138611624339374e+00
-3.644748777638251891e+00
-6.284640613146331711e-01
1.421303051563613273e+01
-7.516038483812866211e+00
-2.603305750499494309e+01
-1.262717154842294409e+00
-2.633426308491400292e+01
5.969991534518273468e+00
2.296076720743176125e+01
-4.566508282080806680e+01
-7.524995988993699036e+00
1.195417017912926738e+01
6.122168075057488057e-01
1.335180662031410392e+01
-6.496622544487406614e+00
8.222463880882865395e-01
3.855025188811693937e+01
-2.187279362070622568e+00
-1.476392543341633967e+01
-2.975311801974930948e+00
-6.779430856173588538e+00
1.185156197865786254e+01
-1.196110426346108646e+01
5.604663558673624202e+00
-2.570074753199544304e+01
-1.549056452296940734e+01
-7.132201768795392915e+00
-3.241758281206507775e+01
1.902581728624495128e+01
-4.379134850252584954e+01
-1.546606900049336097e+01
1.166655285316253021e+01
-3.669412266612797424e+01
-2.063148966326005151e+01
3.348544267968124988e+00
1.095561848759008505e+01
9.172943216061582916e+00
6.443806707635061137e+00
9.770828577376315494e+00
-9.518549338746792543e+00
1.167067279209964781e+01
-1.121709532110668661e+01
-1.802461676220168130e+01
8.984605992070898495e+00
-1.948411438255020656e+01
-1.241518452000579487e+01
2.735498102227892048e+01
8.286419691100784135e+00
6.422671972056833711e-01
-9.787715969946162886e+00
1.276911723140961108e+01
2.666452539565450408e+01
2.982385408897380241e+00
1.998801521515249036e+01
-4.239407000603963915e+00
-9.225931287447446394e+00
4.304469362456686099e+01
-2.712363120388493698e+01
2.442169975638810797e+01
-1.005013198252381557e+01
-1.793937784136061708e+01
2.001005120970639695e+01
2.367879274760752217e+00
6.369965378786126564e+00
-2.984368962869692865e+01
-1.592156815874595566e+01
-8.183191400448940556e+00
6.969216321860139951e-01
-3.212462799658466395e+01
-1.247072608023144236e+00
6.708300401670764579e+00
-4.199630579663615748e+00
-1.673605437377801053e+01
-2.058592594529271835e+01
-3.018927273834306391e+01
1.165558758190655375e+01
-4.919055538626365909e+00
-2.808180656230701011e+00
2.022381977901467920e+01
-1.566925874575071553e+01
-7.971291526655282844e+00
1.013020728595233599e+01
-1.887440167685361558e+01
-1.218391312615309552e+01
3.026641915759743995e+01
-3.417553192455316236e+01
2.266231988626210381e+01
1.603415949223898451e+01
-2.623306212258131609e+01
1.445853982559580331e+01
7.029102152498571954e-01
-9.465023862689553980e+00
3.176567914595579634e+00
-3.369774025935306838e+01
2.894355988006829961e+01
2.871588644129439771e+01
-1.249201077262448756e+01
-1.295471978444059324e+01
-1.685322340317631529e+01
2.248812226071024867e+01
2.253843639093496876e+01
-1.796095380925463303e+01
-6.806894174503339556e+00
-3.385940296085878742e+01
1.467395156717089755e+01
7.013382738616043000e-01
-1.515294876092180232e+01
1.969768065575724814e+00
-2.906189574653715013e+01
-1.728636388136096969e+01
1.619665397802163298e+01
-1.484123601003595816e+01
-1.498081790907486521e+01
-1.797501989268389977e+01
1.142250772061673203e+01
3.585765672635762513e+00
1.554433524767475561e+01
2.027599770653113964e+01
-8.093269089740903866e+00
3.330685228510057527e+01
-1.236874826081291978e+01
-2.925297867364462334e+01
3.968865162070080110e+00
-1.989989404212535007e+01
8.091765948080277937e+00
8.046123416388143212e+00
1.534677250401619197e+01
-3.312674392515886801e+00
-1.554209072353653731e+01
-4.002967893259816279e+00
3.017153319570606484e+01
5.789648484640068204e+00
2.301047523491553193e+01
9.363155395597290820e+00
3.902896446367190464e+01
2.050273846764997288e+01
4.764649160080169032e+00
1.451428703868932857e+01
-9.367798954511114218e+00
5.450045842726375156e+00
2.462130666687307112e+01
3.154770426445863052e+01
-2.444291412655786797e-02
1.504471448783104792e+00
-1.636985092581904411e+01
1.834061649839704344e+01
-1.053497865040157677e+01
-9.608240160203163072e+00
1.262116618019573089e+01
-1.317132191434368238e+01
-5.290531420094299886e-01
1.227732873715126516e+01
-8.300413561924182559e+00
2.884632555713602553e+00
-1.518968193158924507e+00
-1.730303880121011062e+01
-4.303150234776891381e+01
2.742084582653621538e+01
9.575875259560913122e+00
1.324215673356955314e+01
-7.733655576790164687e+00
5.025252215244743859e+00
-1.094759631318308202e+01
8.572248904102204747e+00
-2.426236584039698485e+01
3.808907993832505223e+00
8.633767167730459491e+00
-1.434793755663358716e+01
-5.336722738837698188e+01
-4.461888422043520652e-01
-1.967131861699248363e+00
2.570124188707780366e+00
2.550651661954613569e+00
-1.667375216165179097e+01
-2.321987489584151376e+01
-4.562819683381232672e+00
5.084015369289980768e+00
-5.458711376116209379e+00
-3.107404286653097536e+00
-1.787566842854815707e+00
-5.330037807712656672e+00
-1.022197064582829817e+01
-1.041558655779323139e+01
