-5.039854381551235996e+00
-3.791949513476486455e+00
4.526536347291649220e-01
-4.770773252827595456e+00
1.142299476098989297e+00
-4.076076387055156403e+00
-9.047379385041379507e+00
-2.469802908077479486e+00
-1.547242342213915212e+00
4.959080773320180491e+00
1.167253602932797119e+00
8.400193604645016521e-01
1.452215694189334494e+00
-1.901024484417208837e+00
4.447982506622687460e+00
-5.486280666758898583e+00
-1.774887611417744182e+01
-9.828418608804234680e-02
-9.512757140096955055e+00
3.458442989934795264e+00
-8.654161723665160233e-01
-5.378182140346068785e+00
-3.244511525512424832e+00
2.472160185659452392e+00
2.434104111829735184e-01
1.021858065966647189e+01
-6.147427473552208532e+00
5.953783226866493195e+00
-3.447366130208596502e+00
-4.138045379926446721e+00
-4.205587322649475546e+00
-2.497228138149297560e+00
-6.551705106542374812e-01
-1.025585127205430425e+01
4.172779161786868585e+00
3.893384579778280230e+00
-9.919495392710771853e+00
3.800427403134832183e+00
-3.355375733480022493e+00
2.561376472435488161e+00
-3.443039107544973110e+00
8.909490649596186751e-01
-3.784192708582693854e+00
8.100497958957129541e+00
-7.149845460587028079e+00
-9.886594456762733074e+00
-8.885756098455775742e+00
2.727962891037825521e+00
-8.000643218060463635e-01
-3.285259613404543089e+00
-1.456125907021973198e+00
-1.799714869995800770e+00
3.066383190358779931e+00
-6.273929836125685000e+00
-1.330790516659654976e+01
3.122974692188758894e+00
-4.871273140797764967e+00
1.842709787482695649e+00
-8.892984552335828852e+00
-1.624661574357992189e+00
-1.246116429787665236e+00
9.668186554503407137e+00
1.789600589526598950e+00
5.629217616043739048e-01
-4.552307198048696435e+00
-4.648525912590364406e+00
-1.594206071612856990e-01
-3.554635307364014896e+00
1.748862278636843071e+00
7.443632831961471297e+00
7.811282709529493218e+00
-4.994016144221363973e+00
-1.896588099192632271e+00
-1.985169070335993213e+00
2.954921989824640383e-01
1.043184674033949300e+01
2.937869694109296770e+00
-4.688337738999028281e-01
-1.222666191224168752e+00
1.130409340892985703e+01
1.627972652096714157e+01
8.205230777765735173e-01
-1.864278491699504103e+00
-4.714759501843646117e-01
4.612284796599314340e+00
-2.712431016507578452e+00
-8.473615313818521955e+00
5.954977413645170525e-01
-6.776335935193024795e+00
2.386865460775616121e+00
6.322722808666198624e+00
-1.425904305622196233e+01
-2.736315021357940136e+00
3.231714840866525940e+00
-2.757872015901993712e-01
4.913210545641342186e+00
-2.846852120492326499e+00
7.272416504439450646e-01
1.188487452348855733e+01
-5.707127491297355748e-01
-4.977935604893032107e+00
1.350331996510328869e-02
-3.434241997442885275e+00
3.001355618838361217e+00
-4.342385961880649070e+00
2.024949625925223540e+00
-7.815895166578526343e+00
-4.973566363783532118e+00
-1.514010031546226376e+00
-9.938385494257216735e+00
5.313581346278597017e+00
-1.447089006086405760e+01
-5.327113216161164289e+00
4.492384583638690643e+00
-1.111754016047730609e+01
-6.825389389714528576e+00
1.008645322423526780e+00
3.515243360774607417e+00
3.537164157140014531e+00
1.442356098032781420e+00
2.913380628591718313e+00
-3.402256773056111072e+00
3.712809896203825843e+00
-3.600513935761783024e+00
-4.725106933652824637e+00
2.019130935320444298e+00
-8.489238628393144026e+00
-2.789478837701021341e+00
8.349394458486125714e+00
2.508239791472366864e+00
1.045689222696711607e+00
-3.171411984124703931e+00
3.611843712662309080e+00
6.514154258933885444e+00
5.744520549290730305e-01
6.989977205830482987e+00
-7.216628341143982439e-01
-3.513624341278774654e+00
1.316018574088749027e+01
-7.766857597966596138e+00
7.384791784000490189e+00
-1.928484708042383478e+00
-4.489181912779158345e+00
6.368344178057014915e+00
4.208336836789354218e-01
2.463145497732104339e+00
-9.827889375003652006e+00
-5.267514623140233887e+00
-1.773568627628229866e+00
-1.301603345220320174e-01
-1.009251869501652799e+01
2.063680432721969882e-01
1.740749143794481313e+00
-1.293634003854641223e+00
-6.928274151606006903e+00
-6.515200397055658676e+00
-1.094565776344666297e+01
2.705736246178588544e+00
-1.655265010339093568e+00
-3.006547877443537686e+00
5.869238354150334125e+00
-4.287794755717457384e+00
-3.160024962093123779e+00
2.826922239818484783e+00
-7.996249734195886916e+00
-3.529375360256580940e+00
9.754079128464873349e+00
-1.132607509465570139e+01
8.460047630336349656e+00
3.803685746222808195e+00
-7.552707406092461717e+00
4.502094382876467016e+00
6.415207961863427233e-01
-2.401137167633863534e+00
7.369959622477082473e-01
-9.923769792125327172e+00
1.005386933804194527e+01
7.501888963026543955e+00
-2.479991911529514592e+00
-2.845834653959534499e+00
-5.409183066596464862e+00
6.479835870806600617e+00
6.573083685395946674e+00
-5.540883402553459902e+00
-2.197526545949830101e+00
-1.072945680510778743e+01
4.426621992591470267e+00
7.727025627378028561e-02
-5.034690624706079198e+00
-6.297680908572924618e-01
-9.495577769592236095e+00
-4.244529432670742786e+00
3.620221815386306385e+00
-4.912119935614324362e+00
-4.143080520279723622e+00
-4.404656852791749344e+00
3.848957025939737875e+00
1.604253013424778773e+00
5.713264708812419990e+00
6.949297527939140018e+00
-2.027669654440907188e+00
1.048654697697585192e+01
-3.245978457083650071e+00
-9.083217145209465215e+00
5.632954267485097422e-01
-7.108114129225911348e+00
1.787855842460397193e+00
2.530156754702375554e+00
4.999947045547627589e+00
-8.740391972992482827e-01
-4.444950707593078754e+00
5.609350310650618177e-02
8.388038438465025948e+00
2.633821147676749241e+00
7.431863383588278360e+00
2.995494099362631779e+00
1.154403677625417757e+01
6.711961491309760497e+00
1.081555476651495429e+00
5.332590111424003076e+00
-3.889682612607289425e+00
1.519929757686905081e+00
8.407184779914633310e+00
1.043284429084972231e+01
1.011839573870419340e+00
-4.336458876654767924e-01
-4.957583947140653535e+00
4.281717038619747839e+00
-4.372464393274399619e+00
-2.978098878115798431e+00
3.208295309281397500e+00
-3.532613728599309333e+00
2.360665353936662880e-01
3.258424880525809364e+00
-5.645855815981487558e-01
1.962726708331556269e+00
3.239408547369185820e-01
-5.253331472056719242e+00
-1.289614737668215483e+01
8.356241856855971761e+00
2.283740812189721137e+00
3.824500381832615314e+00
-2.263628728498551901e+00
1.368193564028716391e+00
-3.380587444918564888e+00
2.645550333469706139e+00
-8.324856229665229534e+00
9.522376939264547424e-01
2.316139241491296907e+00
-4.476877205000576510e+00
-1.684866253754662324e+01
-8.819664249060115147e-01
-1.029751664731637595e+00
-3.977890706548775634e-02
1.006356903377800371e+00
-4.650513850073229705e+00
-7.253573723468003109e+00
-2.662409758153883588e-01
2.014789856082908059e+00
-1.781272574092744865e+00
-1.341766747965934536e-01
-9.527484766149527662e-01
-2.986751648589472730e+00
-3.705263467694724255e+00
-3.931966765374857786e+00
