

gen best mean std best_sol
0 4.233185 -5.232257 3.397911
1 3.562765 -3.884708 3.767844
2 11.751204 -0.316441 7.020868
3 11.912217 9.686725 3.341236
4 20.684243 14.532715 3.640347
5 46.234341 20.569683 9.044026
6 40.776685 20.702759 8.072605
7 36.162094 18.903338 10.014371
8 25.655732 16.797034 8.426903
9 21.145604 18.222829 2.155284
10 24.500903 19.581213 2.579908
11 21.16703 19.168336 2.031669
12 28.123446 20.612918 2.902477
13 30.394577 20.840031 3.507147
14 29.432857 21.123159 2.945102
15 29.432857 23.218562 3.155611
16 41.608743 28.403565 7.313623
17 41.603919 30.243545 6.281049
18 41.607073 30.243861 6.28162
19 41.593452 31.134599 5.513432
20 42.712141 34.975034 5.854391
21 42.739994 37.16435 5.325028
22 42.712141 38.834773 4.442844
23 55.346645 44.971279 5.170825
24 55.333381 46.117171 4.937176
25 55.205197 46.163109 4.78878
26 55.205197 46.651934 4.653374
27 55.306524 46.662067 4.67206
28 55.320007 46.663415 4.674556
29 54.851984 42.684495 9.769848
30 48.381708 41.075866 10.312214
31 55.413111 45.542136 3.871242
32 55.563086 47.524466 3.710155
33 69.87491 50.201513 7.38913
34 69.876516 50.201674 7.389558
35 69.869079 50.572467 7.111162
36 69.869079 51.862766 6.790588
37 69.874758 51.863334 6.792094
38 69.872038 51.863062 6.791372
39 69.871259 53.462417 6.349546
40 55.774795 50.600395 6.47471
41 55.563086 47.908813 14.077537
42 54.999031 45.570368 15.329611
43 54.904128 46.880701 7.741195
44 54.789748 43.182112 12.853111
45 54.341023 41.657162 13.44695
46 69.722777 48.147496 9.042239
47 69.425769 50.326397 7.451206
48 69.747653 50.358586 7.53388
49 69.765383 50.671024 7.25068
50 69.29437 50.623923 7.126962
51 69.802229 50.674709 7.260385
52 69.728846 51.754647 6.474727
53 69.565659 53.498414 6.583035
54 64.02468 52.944316 5.319202
55 69.263844 57.181327 7.297193
56 67.47846 52.901792 14.635141
57 64.02468 56.905916 3.520266
58 61.947657 52.111193 12.289489
59 60.425022 52.314395 13.761091
60 61.07569 58.101227 2.306865
61 84.798502 61.316424 8.015056
62 84.929547 65.123333 10.143169
63 84.911377 66.117353 9.789121
64 84.798502 65.814116 6.826596
65 70.008701 61.825593 9.30407
66 69.945379 62.577918 7.170155
67 69.938577 64.43177 3.055658
68 69.994558 64.88281 2.72969
69 73.09523 66.084764 3.361768
70 73.00145 66.63459 2.924435
71 72.912525 66.625698 2.905133
72 69.994558 62.94354 9.174215
73 67.09149 60.467953 13.309944
74 66.809768 56.799914 20.341635
75 65.882717 61.578077 5.108227
76 65.849416 56.624836 15.450349
77 65.817503 53.546889 21.617711
78 67.220358 61.407497 4.186191
79 65.817503 54.510707 20.849304
80 65.80039 55.521749 13.614523
81 64.662319 54.628551 9.780394
82 64.453257 54.215119 19.669853
83 66.15127 62.239428 2.480157
84 64.544342 62.904223 1.569483
85 64.487209 61.682478 3.506032
86 64.453257 57.6752 13.899246
87 73.169951 63.474208 3.511235
88 66.314164 61.760484 3.970696
89 70.100973 65.154587 2.436185
90 72.834536 67.437202 3.117454
91 72.843749 67.621449 2.987521
92 72.83399 67.620474 2.985816
93 72.862034 67.849075 2.823255
94 72.89348 69.379681 3.03609
95 72.890133 70.091125 2.920834
96 72.981526 72.597395 0.834315
97 73.008606 72.90145 0.058253
98 72.972047 72.904226 0.043689
99 72.995319 72.921157 0.039924
100 72.98618 72.920243 0.038287
101 72.98618 72.926359 0.033023
102 72.999804 72.927721 0.03564
103 73.78151 73.108912 0.333419
104 73.766282 73.102484 0.320771
105 73.717236 71.819411 3.635379
106 72.999804 69.098407 11.517665
107 72.972047 68.734475 9.338792
108 72.94268 69.801008 7.479917
109 72.934305 69.420002 7.622291
110 72.93358 62.729598 23.846725
111 72.926925 70.201844 2.754811
112 72.923191 69.648713 2.702848
113 72.90879 69.012855 2.603847
114 72.89723 61.122829 22.577025
115 72.900422 69.064574 2.55756
116 72.89723 69.065573 2.535145
117 73.015558 69.705421 2.649461
118 73.004121 70.583814 2.425775
119 73.033868 72.208699 1.161474
120 72.942624 71.892475 1.895721
121 72.92671 70.923782 4.624308
122 72.913646 72.764395 0.150179
123 72.936296 72.792344 0.122477
124 72.91172 72.82883 0.061277
125 72.907974 72.210553 1.893858
126 72.915166 72.846818 0.049611
127 72.915166 72.864881 0.041142
128 72.913646 72.891068 0.017792
129 72.94302 72.899917 0.019355
130 72.913646 72.268579 1.890871
131 72.918793 72.900248 0.013344
132 72.930444 72.909424 0.010113
133 72.918793 72.908637 0.007478
134 72.91823 72.90721 0.006728
135 72.922364 72.909739 0.007181
136 72.922364 72.910721 0.006581
137 72.932951 72.914312 0.006752
138 72.946197 72.916782 0.010162
139 72.92173 72.914439 0.003546
140 72.92173 72.915011 0.003521
141 72.918449 72.912575 0.005752
142 72.92173 72.913177 0.005484
143 72.918449 72.914414 0.003095
144 72.91823 72.896813 0.053624
145 72.930293 72.916238 0.005052
146 72.930293 72.916047 0.005499
147 72.91823 72.914759 0.002543
148 72.917431 72.906658 0.023256
149 72.921328 72.91175 0.012669