-1.537151850259854058e+01
-2.274518211680399205e+01
-9.269429169365571042e+00
-1.208484854781142026e+01
-8.245431277310146356e+00
-5.341436289480148147e+00
2.359821576457036585e+01
-1.494284780137868029e+00
2.697924035027674972e+00
8.131037588385218839e+00
-1.266225162130656479e+01
2.225352673222490907e+01
-2.821534021620888666e+01
-4.571126222533513861e+00
-5.327704783940107269e+00
-1.327176294651091837e+01
-1.335579454924887877e+01
-1.011833707958917472e+01
1.390145603124043028e+01
2.913722850004509368e+00
4.640910115536819980e+00
5.293260890852110379e+00
2.406374301335361121e+00
1.514801139775548222e+01
1.659638325976505513e+01
8.012707399382504647e+00
-4.409509374189156006e+00
-3.934365964817366557e+00
1.313449125942508466e+01
-2.065591691519888329e+01
6.816799500292260561e+00
-2.213703253396342330e+00
-4.632072195074734111e+00
-3.844418801750133952e+01
-4.114289945032080453e+00
-1.426131706221952511e+00
-7.286018834181127168e-01
-2.659436352278670768e+01
-2.504899743561678349e+01
2.858627473439312006e+00
1.945861782208192636e+01
1.551478151726451138e+01
-1.201789851364354067e-01
-1.664905815058951433e+01
-2.195751896020895266e+00
8.447993336230528172e-01
9.898117954546063399e-03
-7.126731990118278404e+00
1.534319543888518877e+00
-2.884784864827487283e+01
1.229471231538357934e+01
-6.189677840267067133e+00
-9.511772519245919710e+00
9.766688039529874743e+00
1.776961747465298913e+01
2.354015070606741908e-02
-4.154373250100239723e+00
1.378370005694076106e+01
-1.273981851388491293e+01
1.654133176428872787e+01
9.169179063088806814e+00
-1.566866568484035049e+01
-1.947203624775408670e+01
5.540568049964005759e+00
-7.881875314196120641e+00
-1.310187820039838336e+01
-1.356509224752505105e+01
-1.547364190875019752e+01
-2.435191826015456584e+01
1.697988790786487900e+00
1.812190791572310644e+01
2.804084527575594521e+01
1.310915889976872784e+01
-9.148614541233238029e+00
9.181703137362504208e+00
1.356265170868982750e+01
2.592349804360071630e+01
-8.225851327423276516e+00
2.123209635640261084e+01
2.078283458561209329e+01
-8.345452066123332235e-02
-3.668845648146317195e+00
1.047613542145625765e+01
1.656848880076347541e+01
1.290048298178686537e+01
-2.667421868765846327e+01
-4.141613051961599901e+00
-1.983286738706984309e+01
-2.434685447903436994e+01
2.641148758476900582e+01
6.470264178064147664e+00
1.105463177944135289e+01
-9.526121466542808447e-01
1.210767027391386108e+01
1.372299445830885745e+01
-6.814620924289405579e+00
-5.896884126430522066e+00
-3.626687554100874511e+00
-2.444389693673481467e+00
-1.105581548467210684e+00
1.876886892179103938e+01
2.003395501793751166e+01
2.080791063740257130e+01
2.651867546056909575e+01
-1.071214353376397455e+01
4.567760469837071291e+00
-2.575442571676931891e+01
-1.001858101213965746e+01
-3.108633594538189016e+01
-1.889206070638453028e+01
-3.220710528182283983e-01
3.018773411116845651e+01
-5.308354148912997061e+00
2.152672613416245184e+01
-4.957887041528057814e+00
-1.374777794117042973e+01
1.559777476943299845e+01
1.153111631604248011e+01
6.506665404508886752e-01
3.590742727314001126e+00
-6.943489644866403410e+00
1.837708437602802647e+01
6.128970723749369576e-01
4.063739090592336289e+00
7.420153902665648893e+00
-6.415551701658348982e+00
-3.448354403619123154e+00
-2.291113327217378259e+00
-1.189026536305847515e+01
-3.371911960467519176e+00
-1.231758838844231763e+00
-1.670806859797403954e+00
-1.517852322062057002e+00
2.039161455202493656e+01
5.096172518343789903e+01
-4.345220170226938627e+00
-1.976296964600468087e+01
6.820067592066617834e+00
-1.920653965902191374e+01
5.084065640394566543e+00
-4.186594237491670256e+00
-1.307905871400549280e+01
2.885511275421352906e+01
5.915294653431560690e+00
7.569901368584072365e+00
-9.430624019976112660e-01
-1.330086169336938084e+01
1.498608315882198383e+01
-1.390444908027873128e+00
1.502414732843512546e+01
2.607336992946007470e+01
2.697427600558148697e+01
-1.126065123771491550e+01
1.123029174632871374e+01
2.653968950831878360e+01
2.044608576116789678e+01
-7.800897373107958721e+00
-1.278453759835822900e+01
-1.107415529575310664e+01
-3.300409626352077908e+01
1.969078672130195429e+01
-1.027238492055312058e+01
5.963602687766550448e-01
-1.708278462644353368e+01
3.718465470776989434e+01
9.377933765216580397e+00
6.145743982234220582e+00
-2.304812984287985245e+01
-2.555394882400711332e+00
1.006285954126331372e+00
-1.455051956006718683e+01
-3.545986274661462101e+00
-1.839339793258199407e+01
-4.584840978373480702e+00
-2.585584945323903483e+01
1.733267564834811125e+01
-1.541239239076167600e+01
-2.562802807156565166e+00
-6.175225913997822502e+00
1.761813272288331955e+00
1.499992578414634004e+01
6.918996866248821043e+00
-1.933275309189721236e+00
-2.608183488550954010e+01
2.668306116598964994e+00
-3.847090047209712704e+00
-1.287087149779618933e+01
5.703651573907064787e+00
-1.820757661276577011e+01
-1.453227241594455599e+01
2.284628380669823855e+01
-2.928898236957079249e+01
-7.495559028442965399e+00
6.464660465507211740e+00
-3.058362054516956618e+01
-2.038434097602642581e+01
-2.486158365331204223e+01
-8.656388020586469167e+00
-7.507747829580619481e+00
3.002279408982678532e+00
4.460010014710552362e+00
-9.971123887387687290e+00
9.294023161080183115e+00
2.706417208585336187e+00
1.810752851323735868e+00
2.706427454327180904e+00
6.419187126302199786e+00
-1.415002550458852326e+01
1.890083598818396160e+00
-1.369709714129036726e+01
9.950345572648462422e+00
-3.719510453349326617e+00
2.650287236573587180e+01
1.568471866742045862e+00
2.088183131503771151e+01
-1.678998238112593810e+01
-3.593211965957748077e+01
1.596455075030529613e+01
1.586830370688939773e+01
-2.017895201887203616e+00
1.493133626165137073e+01
-7.855004328888730569e+00
-3.734147271668770252e+00
-3.033581264626865337e-02
2.032720416142607345e+00
-3.009249305896294402e+01
2.384226621901558829e+01
1.182570348615396760e+01
-6.447661253795073044e+00
5.790084253365208183e-02
-2.166029061980350789e+01
1.473133004713919547e+01
-2.440815393021507873e+01
-9.237967019394986323e+00
-9.907587944822726200e+00
-2.436809684529428921e+01
2.115615097995405591e+01
-8.140640992970614442e-02
-4.270601320914826360e-01
1.688798105924108839e+01
-1.840182526218050452e+00
6.026203541855826629e+00
4.592050623865895909e-01
2.244209619377754095e+01
-1.013013485280526460e+01
1.684238606081059331e+01
-3.007343098453467256e+00
-1.188923775842940955e+01
1.424324817457019776e+00
-1.440178143614218165e+01
7.746245291061937266e+00
1.633122707209613722e+01
1.539865398885628167e+01
2.222774579182906152e+01
-1.986585809555887749e+01
1.919122804435242413e+00
-1.896516816925360516e+01
1.121694350584614952e+01
1.495785028581105713e+01
2.240461302990579640e+01
1.594224939872686875e+01
5.748882865432783262e+00
6.255032022843594497e+00
3.935945257641281447e+00
2.040773274467750298e+01
