-1.895210400076278390e+01
-2.812185059502062856e+01
-1.176951424579498884e+01
-1.506981473940888705e+01
-9.874398296335753500e+00
-6.526277009274536134e+00
2.900525230004638644e+01
-1.893248555872107497e+00
3.567288833715116958e+00
1.011542490509463477e+01
-1.599425630660712194e+01
2.744337132110236865e+01
-3.513761919373427389e+01
-5.799070283406437376e+00
-6.827671770274951868e+00
-1.623198041291851368e+01
-1.646812261605914784e+01
-1.223096468170606421e+01
1.780495970699170272e+01
3.741820580021501641e+00
5.718844690363677152e+00
6.506134528404741602e+00
2.876257672257460651e+00
1.868601193257134696e+01
2.076923114554410432e+01
9.900493165161501352e+00
-5.834302940011657945e+00
-5.390358081920485489e+00
1.644264378219861200e+01
-2.601210410244910420e+01
8.490709359764396780e+00
-2.256777093066242301e+00
-5.521024276186024871e+00
-4.821761712915026976e+01
-4.957381150354042809e+00
-1.735727671831928332e+00
-1.071609539168405956e+00
-3.270473195328981575e+01
-3.112021927270811261e+01
3.298885313677377251e+00
2.465759304772204175e+01
1.923819121425214718e+01
-1.037388159526557996e-01
-2.032402691961057428e+01
-2.629231487408529855e+00
1.054713481229123229e+00
7.601679936096580881e-02
-9.094688104514288440e+00
2.265562933943749524e+00
-3.589363943959997272e+01
1.530738081317502619e+01
-7.871368015135994156e+00
-1.198480920426563578e+01
1.180035487156973062e+01
2.239752786050890876e+01
5.131469882830361762e-01
-5.460865051036355666e+00
1.714735827612536667e+01
-1.596478826789315875e+01
2.032939694678395526e+01
1.147945441274731060e+01
-1.954954633100657801e+01
-2.477966150883733576e+01
6.993081172043308591e+00
-9.820326748231117620e+00
-1.655918619197560204e+01
-1.672128104016668715e+01
-1.944002651993926989e+01
-2.999461246874623654e+01
2.551568343563741958e+00
2.229247409783207345e+01
3.474519015224210250e+01
1.645267241567552574e+01
-1.117338718872398395e+01
1.124006700359148603e+01
1.702597518183481640e+01
3.253022436403902162e+01
-1.030877527595410470e+01
2.619468473685125787e+01
2.562555159351246559e+01
2.950513558334661446e-01
-3.996009176316642098e+00
1.327309920145617106e+01
2.046190993996454921e+01
1.599978589429778353e+01
-3.351155882110234785e+01
-5.155172981660234299e+00
-2.497535811964419494e+01
-3.013937544266497781e+01
3.283836047948395276e+01
8.180893847812329867e+00
1.359744782775330663e+01
-9.836867480793621832e-01
1.505139292126760253e+01
1.717861285874873190e+01
-8.521054992614123691e+00
-6.840694517113997009e+00
-4.235110061197898013e+00
-2.845283489643849251e+00
-1.704487645884353197e+00
2.323244853990142289e+01
2.475532409993796534e+01
2.547245877526905744e+01
3.279611813848627122e+01
-1.341477899964954013e+01
5.969067095313328686e+00
-3.215958501020669758e+01
-1.228323205022658016e+01
-3.849048995384950445e+01
-2.316817520000537556e+01
-6.184517112034766395e-01
3.752395419162571244e+01
-6.787550703047785738e+00
2.669661157080681591e+01
-6.410737494989406926e+00
-1.744323653319093737e+01
1.939639259434207474e+01
1.431429379696740867e+01
5.095594949272679308e-01
4.188405224968569485e+00
-8.350273677937581240e+00
2.291145311014491526e+01
3.729329121313798012e-01
5.128890204430226696e+00
9.364383113941377346e+00
-7.719804274079431927e+00
-3.729730592151014434e+00
-2.819055269510725381e+00
-1.497025466040437358e+01
-4.420888899104892467e+00
-1.038910843741946533e+00
-1.549602755297319501e+00
-2.120186829828081709e+00
2.535284269649310218e+01
6.338041639443757447e+01
-5.069842769574105290e+00
-2.449360772195827352e+01
8.535220546504451278e+00
-2.417355833465344972e+01
5.849935360502130699e+00
-5.213387082383747817e+00
-1.621717622544271009e+01
3.570005042058322431e+01
7.134989413353109988e+00
9.439464208347628116e+00
-1.017351641294752529e+00
-1.670666177296296340e+01
1.898480533168917006e+01
-1.979621005192865102e+00
1.916206056003683855e+01
3.201852530038559053e+01
3.352168005002216233e+01
-1.343636831932619558e+01
1.402918260265114903e+01
3.305812918005446477e+01
2.528789595592447981e+01
-9.529036095442144472e+00
-1.629190903517975997e+01
-1.380149455933389291e+01
-4.069559196761042585e+01
2.544840399858509983e+01
-1.284239808493242663e+01
7.601394846532540939e-01
-2.058220564893974824e+01
4.617445678694320321e+01
1.153960077513978710e+01
7.476620211677774464e+00
-2.878661961427688709e+01
-3.294415126239133240e+00
1.138784074811964198e+00
-1.788779848184235277e+01
-4.697458333425777788e+00
-2.294724248411212386e+01
-5.409442885602638640e+00
-3.261683308369334355e+01
2.203129128145173965e+01
-1.951493337252455262e+01
-2.913648761911389773e+00
-7.673639432230240587e+00
2.331926877172316281e+00
1.850339762977872482e+01
8.727021998686604221e+00
-2.203368040210210488e+00
-3.245611036290831919e+01
3.239978988338937604e+00
-4.972118314955592311e+00
-1.581944902495589034e+01
7.075456092585312717e+00
-2.265896055534072318e+01
-1.790327871824899475e+01
2.863711508982875387e+01
-3.644123850461284775e+01
-9.386419452394209273e+00
8.453922466344298670e+00
-3.799057927782555311e+01
-2.504181735578455559e+01
-3.095255721914842439e+01
-1.054718123403463892e+01
-9.040395829038853748e+00
3.721664154737849284e+00
5.352684014786809996e+00
-1.243988533765007176e+01
1.232008474753639327e+01
3.346350898018873643e+00
2.242384391169921276e+00
2.787590499048560932e+00
8.146336343129480184e+00
-1.733347448907636235e+01
1.981831006929340777e+00
-1.682335443487377447e+01
1.279819717980489102e+01
-4.305515892140863166e+00
3.278050502037356040e+01
1.572882892359253493e+00
2.636664378242126716e+01
-2.092556159881859656e+01
-4.443643131868393681e+01
1.992529234347851030e+01
1.949007465365471603e+01
-2.562120789396272968e+00
1.837668738432082094e+01
-9.816057032692247830e+00
-4.790284517478177406e+00
-4.174964698658825864e-03
2.468788641067682921e+00
-3.746851877213495641e+01
2.953899483783955304e+01
1.487912610315364503e+01
-7.927751761509143513e+00
4.986673928053545479e-01
-2.685860261052568276e+01
1.835328345074677969e+01
-3.004899498790225465e+01
-1.118824800333736036e+01
-1.237824650619883826e+01
-3.076309830225885378e+01
2.659868890126762864e+01
4.402046927223075001e-01
-1.573490063365089453e-01
2.113299560698081692e+01
-2.439139346598945490e+00
6.855087976830847474e+00
7.523843606871749579e-01
2.808092403817834892e+01
-1.261090177648429211e+01
2.107061100169402934e+01
-3.681197196724430132e+00
-1.509402628542972025e+01
2.089012828343531858e+00
-1.760136324206459690e+01
1.021500383603086171e+01
2.000801909778748922e+01
1.963307485334852132e+01
2.765740077448563738e+01
-2.440342384947440380e+01
2.367229746273112667e+00
-2.431462610527419699e+01
1.356241433738965085e+01
1.855360766819330820e+01
2.730383048512956279e+01
2.034598367365452631e+01
7.132605268019075240e+00
7.718145435429150325e+00
4.901862257563445624e+00
2.542799234953659848e+01
