

gen best mean std best_sol
0 1.171318 -6.627836 4.687853
1 1.134978 -5.072795 2.195727
2 11.95424 1.282853 6.512713
3 15.656936 6.279551 5.056147
4 15.74909 11.455713 3.715758
5 23.151807 15.466905 3.52084
6 23.151807 16.225763 3.060808
7 23.151807 16.903577 2.436802
8 26.459429 17.984088 3.707549
9 26.459429 18.532146 3.57401
10 26.459429 18.532146 3.57401
11 26.459429 18.688707 3.481768
12 26.459429 18.688707 3.481768
13 23.151807 16.992411 3.414178
14 23.552974 18.398062 2.892392
15 23.552974 18.398062 2.892392
16 23.552974 18.715294 2.755174
17 23.552974 18.715294 2.755174
18 23.552974 18.715294 2.755174
19 26.022947 22.576528 3.149614
20 26.022947 23.984569 2.036477
21 26.022947 24.553748 1.56621
22 26.022947 22.486016 7.07028
23 25.567268 22.675078 4.171895
24 26.328863 24.025375 2.686217
25 30.722735 25.441102 2.032713
26 30.722735 26.132952 1.784275
27 27.231672 25.725399 1.017925
28 26.800202 21.776439 11.379291
29 26.800202 25.426145 0.969862
30 26.800202 25.426145 0.969862
31 28.794469 26.419277 1.295944
32 28.94308 26.822882 1.387387
33 28.94308 27.455937 1.370715
34 32.895508 28.70219 1.903837
35 32.895508 28.715324 1.887804
36 30.701554 26.05349 9.139176
37 30.661038 28.93779 0.949732
38 30.67641 29.545241 0.894575
39 30.67641 28.527092 2.831029
40 30.677529 29.770756 0.875031
41 44.728903 31.555158 4.455846
42 44.728903 31.657509 4.405821
43 44.728903 31.959703 4.261672
44 32.013515 30.336159 1.419593
45 34.243139 31.134016 1.116843
46 34.243139 31.508519 1.425684
47 34.243139 31.508519 1.425684
48 34.243139 31.508519 1.425684
49 34.243139 31.508519 1.425684
50 34.243139 31.523983 1.415679
51 34.243139 31.766597 1.454991
52 34.243139 31.766597 1.454991
53 37.835054 32.483313 2.272712
54 37.998001 33.654394 2.615596
55 37.835054 32.007873 4.11545
56 37.835054 32.352099 3.285083
57 37.835054 33.005133 2.234934
58 42.941286 34.231509 3.580764
59 42.941286 34.626887 3.263314
60 37.835054 33.262141 2.172077
61 38.818702 34.945959 2.48483
62 38.818702 34.945959 2.48483
63 38.818702 34.945959 2.48483
64 43.029508 36.047559 3.261183
65 43.029508 36.047559 3.261183
66 43.168355 37.09738 3.669206
67 54.973276 39.875766 5.860935
68 54.973276 43.963879 5.433747
69 57.335441 46.775881 5.506627
70 57.335441 50.906824 4.304615
71 57.335441 52.433932 3.705783
72 57.335441 48.994824 9.806111
73 57.335441 51.237511 4.047207
74 57.335441 51.237511 4.047207
75 57.335441 51.237511 4.047207
76 57.335441 51.237511 4.047207

gen best mean std best_sol
76 57.335441 51.237511 4.047207
77 54.973276 49.349509 5.043314
78 54.949246 45.997595 9.426144
79 54.949246 42.815655 12.173929
80 51.643841 39.814127 12.901226
81 49.453618 38.140175 11.657594
82 48.700001 36.280228 11.040018
83 48.700001 33.301903 11.813898
84 48.127521 31.799169 11.103035
85 43.542913 28.603016 12.242136
86 38.455429 27.826005 11.823174
87 34.676915 26.945186 11.252362
88 34.455105 30.219174 3.760067
89 34.453296 28.889498 6.290206
90 34.453296 32.037998 1.520187
91 36.747779 32.768235 1.823122
92 36.747779 32.935897 1.629996
93 36.747779 33.140449 1.555131
94 36.747779 33.670381 1.775558
95 36.747779 33.670381 1.775558
96 36.747779 33.850736 1.650031
97 36.747779 33.850736 1.650031
98 36.747779 32.617346 3.044257
99 34.453296 30.64269 5.717608
100 33.54749 31.864317 2.091458
101 33.50083 28.57914 10.536023
102 33.478069 31.024193 2.809121
103 33.469552 28.929456 6.091142
104 35.549427 31.231329 3.048587
105 36.742927 32.79716 1.882394
106 36.742927 33.13602 1.691003
107 36.742927 33.18265 1.657276
108 36.742927 33.875032 1.460157
109 37.224025 35.472811 1.193859
110 37.949634 36.896709 0.77566
111 37.956312 37.418279 0.46824
112 37.956312 37.591028 0.358959
113 37.971354 37.67038 0.346876
114 37.971354 37.884599 0.20884
115 37.966727 37.954851 0.006458
116 37.979626 37.962671 0.008947
117 37.979626 37.967467 0.00786
118 37.979626 37.967801 0.007434
119 37.979626 37.970853 0.006323
120 37.979626 37.970853 0.006323
121 37.979626 37.972636 0.005589
122 37.979626 37.97246 0.005797
123 37.979626 37.974536 0.004874
124 37.983239 37.977052 0.003919
125 37.983239 37.977052 0.003919
126 37.983239 37.978165 0.002623
127 37.983239 37.978813 0.002147
128 37.979983 37.650734 0.984562
129 37.979983 37.97805 0.001746
130 37.979983 37.97805 0.001746
131 37.979983 37.978538 0.00152
132 37.979983 37.978538 0.00152
133 37.979983 37.978538 0.00152
134 37.979983 37.979027 0.001047
135 37.984002 37.980537 0.001779
136 37.986179 37.981335 0.002295
137 37.986179 37.98283 0.002457
138 37.986179 37.98283 0.002457
139 37.986179 37.983851 0.002152
140 37.986179 37.984873 0.001066
141 37.986179 37.360175 1.874384
142 37.986179 37.867945 0.351076
143 37.986179 37.867945 0.351076
144 37.986179 37.98509 0.001088
145 37.986179 37.985526 0.000997
146 37.986179 37.985526 0.000997
147 37.986179 37.985961 0.000653
148 37.986179 37.986179 0.0
149 37.986179 37.986179 0.0

gen best mean std best_sol
149 37.986179 37.986179 0.0