-3.460737884996323288e-01
-4.645255492064297442e-01
-2.994290439583504604e-01
6.986630164997136294e-01
3.701083861346374793e-01
-3.743807819991682440e-01
4.827851600807224752e-01
-1.665492366149783354e-01
-4.010769591608964735e-01
4.945495068404495154e-01
8.560305381516544188e-01
1.560913644618668883e-01
1.252496296736718140e-01
4.458250063328375035e-01
2.453491310140007986e-01
-3.304600917880895494e-02
8.425007641390502844e-01
8.644643041349424628e-01
5.667364000140870939e-01
-4.754179011355101903e-01
-9.889371309894889883e-02
-4.623529966355361953e-01
-4.247461967093282276e-01
7.591480533738714787e-01
1.686110956683557482e-01
1.695572546813683967e-01
8.205993472431771796e-01
4.274071405402191104e-02
-1.265961754744968637e-01
-2.955680054122233891e-01
-7.970375898513653024e-01
-6.059950798401638750e-01
-6.025094884204611478e-01
-2.233011632494554810e-01
5.105804150930450813e-01
9.538101112866315123e-01
8.558992901706696799e-01
-2.267006829381656985e-02
-1.144747080165271491e-01
7.475037952098162464e-01
-9.897671356833293022e-01
7.935254455286644415e-02
8.635795929147560557e-02
7.820198130456184060e-01
-2.412846073992880314e-02
-3.205318711332805215e-01
-4.553226870909297119e-01
1.236239296281016475e-01
4.775222008983108779e-01
-8.131957922270496297e-01
-5.315908575108212464e-01
-4.881526491529935008e-01
-4.683193675954111512e-02
-4.400726948570077290e-01
-2.996141967571424036e-01
-4.880395238597516894e-01
3.515079330000221436e-01
-9.531021336690062018e-01
-3.518179680116590990e-01
3.355194241595065296e-01
7.782563153078172480e-01
7.577579135789056508e-01
-4.841036612554707741e-01
-9.459943205502370223e-01
6.444663600322602104e-01
5.536941182047330212e-01
1.559512657500239374e-01
-7.488483951262194793e-01
8.464722154441841617e-01
3.794984144514104152e-01
8.891191453247226928e-01
-7.964185873041651487e-01
-5.655180890745876710e-01
2.578460615128272959e-01
-9.259237843685501623e-01
-7.506743340293604572e-01
-4.228838016027447466e-02
5.612996342580225395e-01
-1.904421127300317540e-01
-5.809673558021002382e-01
4.776144740291454749e-01
3.844756124410562137e-01
8.926460400366975634e-02
-8.129853498148371660e-01
3.638353130420566295e-01
2.253840078545250591e-01
-4.764280755211947049e-01
-4.249765227254678202e-01
7.042600924424573527e-01
-4.770097825145036552e-03
-9.985745222904727214e-01
-2.129575166530994768e-01
3.540907536608941530e-01
-8.196886701606773684e-01
-5.650851866718122896e-01
-3.930702920265725098e-01
-9.399865930637247846e-01
-5.250924268372443304e-01
-9.218859495914601965e-01
3.856322445204440896e-02
3.212681612625578609e-02
-4.655176697458605073e-01
-2.158056208239569340e-01
-1.106401567846422296e-01
-6.529529134337295204e-01
-1.914217625116747534e-01
1.985890989189373901e-01
8.368330925177440704e-01
9.604360155849467340e-01
3.269211402072162986e-01
-2.740953786198809805e-01
-5.873836810181098933e-02
-5.978419517867510358e-01
-9.811014719319319788e-01
4.463178529808335959e-01
-3.130144352399126806e-01
9.239578461482320648e-01
-2.776746740608038166e-01
-9.227297652263892758e-01
4.042557990131880885e-01
3.463742716662407961e-01
9.886466042416786060e-02
6.889953333016305415e-01
-9.953187737787387857e-01
6.468031098175168747e-01
-4.036591883486551069e-01
-2.139876469830865879e-01
9.828199381902460452e-01
5.071961820897348261e-01
7.273104281882341038e-01
9.838520208013492585e-01
-6.588497661752270584e-01
-9.865583534116759701e-01
-2.632604159661831034e-01
9.869940333834514856e-01
5.218647296604943531e-01
-9.285750144298274833e-01
-2.963403861046889354e-01
5.625280127100151795e-02
-6.347162399233368113e-01
-4.429348305926301688e-01
-6.039267140505533149e-01
8.391492862905991501e-01
6.283316209350260362e-01
-3.816162166608407791e-01
8.509083324403607929e-01
2.243645751336618144e-01
1.685294046447320948e-01
-6.755724655688564173e-01
-6.051880621487621958e-01
7.970432891992018654e-01
-7.788570226649789152e-01
-3.385219066885163386e-01
5.465830123852033484e-01
6.782043763387459734e-01
-4.122408497625493773e-01
-6.468394808287272202e-01
4.271910641811900167e-01
9.926754564211970333e-02
9.712248335119488818e-01
6.877652218139711504e-01
7.087830175364517871e-03
-8.551710908465159910e-02
-9.449965721315241041e-01
8.912761677104295011e-01
-9.582160265423251833e-01
2.155540032362868175e-02
-2.622334500959093706e-01
3.529909410255673841e-01
8.056979904498462464e-01
7.181131511848581894e-02
1.881611199942565538e-01
1.396361255835447679e-01
-5.696656474540922055e-01
-1.810835971654440879e-01
7.330770458334079365e-03
-1.204543449472383898e-01
7.456302505284118087e-01
9.795723621191099184e-01
-1.781060923669761653e-01
-2.608207348600464215e-01
4.263334862745840059e-01
7.382784572706571069e-01
1.307670289626614579e-01
-3.869038355664518036e-01
-3.688956852245957041e-01
-6.562628835584005671e-01
-9.038600132817360411e-01
-5.170144014957438472e-01
-5.723321608890212797e-01
1.297019043495883928e-01
-7.904414547400846480e-01
4.689957827393618217e-01
1.089378156676998888e-01
-7.855242279610910039e-01
-9.918522301379524286e-01
9.895668038122027443e-01
3.904758043157487979e-01
3.553959975468066190e-01
-6.478073106298027906e-01
-4.111246934435439648e-01
6.718553756480789563e-01
-2.382490031372395123e-01
6.265788145169668422e-01
-7.867977129257699431e-01
-6.491298010348107717e-01
6.382448250211136820e-01
-9.174628782885396738e-01
3.831907109578520654e-01
-9.285364067009633793e-01
-8.147707930008412092e-01
-9.122275511442430318e-01
-1.803548039233193734e-02
9.069953847789191670e-01
3.614678475402031133e-01
-7.622239725057782245e-01
9.793157772699148111e-01
2.466591075247706044e-01
2.949127673593516796e-01
-5.970231513412760371e-02
4.962118394886652073e-01
-8.995624942345168407e-01
-1.007469391852422458e-01
-5.800366816265785097e-01
7.007148185119262962e-01
6.496610952676029616e-01
3.626507973320372002e-01
-4.305796731370454822e-01
5.278860999704499957e-01
9.309525882014308973e-01
4.750088874904589975e-01
-9.999307033723807692e-01
5.813580423522268781e-02
-1.718659607219885643e-01
-6.669286745996039212e-01
3.527524875415462002e-01
1.541662911545351733e-01
-5.218141988311726376e-01
-5.212141473806823910e-01
-5.607226981303128355e-01
9.895160603090968898e-02
-7.964425428698680420e-01
-6.938412180782684846e-01
-8.158579367028477858e-01
2.236467389127816396e-02
-9.315036617599039559e-01
2.928475478588650205e-01
-9.997678646283245651e-01
5.690978943885793839e-02
-6.474279693948947756e-01
9.941845782476574911e-01
2.011025098716587856e-01
4.843871090916378463e-01
9.904099431489536975e-01
6.817684782441726377e-01
-4.809511912507842268e-01
-5.884961846256242524e-02
1.670771975952418664e-01
-4.385667869779785732e-02
8.955479777142572040e-01
4.498428999836983078e-01
9.143425106547407033e-01
5.335973494305141784e-01
-6.630356310301754874e-02
7.540822693561766155e-01
