-1.569514880517411726e+01
2.437730768821796623e+00
-1.502038783073652262e+01
-7.260546732043090756e+00
-4.859294104666261660e+00
-6.043398443813099874e+00
-3.051117873744485731e+00
-6.884415361338307449e-01
-1.278109319775693464e+01
-2.152423087500286769e+01
-6.053349620723135205e-01
-3.003936810731847373e+01
1.121143540695485008e+01
-9.692874901969485535e+00
6.216734141150489279e+00
8.811093671285471274e+00
8.740002779479447703e-01
1.592028389769573771e+01
-1.028009964706031809e+01
2.945638754026314743e+01
6.777175940167859736e+00
1.137862216565192597e+00
1.054282158480665998e+01
1.634727428480199407e+01
1.455222523816848224e+01
2.747160923955205192e+01
-1.732703192218906674e+00
-1.107740678245286103e+00
-7.071521905609510661e+00
-9.386323334818293063e+00
-6.159355645446090044e+00
-4.524427923426583398e+00
4.302266755982463997e-01
1.028421052743275332e+00
4.291234941356567134e+00
3.158108174198554607e+00
-8.490235346044290310e+00
-4.084369350867602222e+00
9.744585246226344921e+00
-1.131831936043089115e+01
1.001780555109617410e+01
7.631571985340126485e-01
-1.635285944124567337e+01
4.108996785152203124e+00
5.305625727618034304e+00
2.084478029327126780e+00
-1.918018240815415887e-01
-9.236453323500093404e+00
2.389956777546306199e+00
5.332217793945545736e+00
-7.441216297330930374e-01
-4.241759373078637374e+00
1.363279252456694834e+01
-8.528608987621122850e+00
5.312055046828472626e+00
1.161589352984058410e+00
3.188120620909388414e+00
1.915483319680435770e+01
8.288322488116238063e+00
8.032478312594701464e+00
-1.232083548323149591e+00
-8.806373426786054281e+00
-1.302026063032409020e+01
-8.872203729539275940e+00
-1.026480050198286875e+01
-4.026369882134927636e+00
-1.336063807198124920e+01
-1.546026606170174844e+00
-1.008338777765077054e+01
-1.169195893757921212e+01
6.822109406734619519e+00
1.063781582574181961e+01
-1.942695734943998831e+00
7.808691464702115503e+00
5.153651863387986864e-01
1.258260596083814775e+01
1.822755327175123341e+01
-1.539744931487536217e+00
-5.978410013044411997e+00
-1.468435794959148843e+01
8.288436316933797121e-01
-6.326351471122602987e+00
-2.413510690908853817e+01
9.806212740379794957e-01
-2.588545480915407282e+01
4.540724929071428662e+00
-2.647790624926305014e+00
5.648465138929564811e-01
-2.200551132895196105e+00
-2.010690710614274845e+00
-1.061954504451579462e+00
-3.622864967689200633e+00
-1.210999756489314727e+01
-1.127671270742510057e+00
4.701698952737547899e+00
2.300873157975309446e+00
7.542240183132673970e+00
5.619876381541955901e+00
1.218509331609571333e+01
-1.652838689732616473e+01
1.284059283784094774e+01
-8.989245905810765436e+00
4.985178878336405717e+00
8.908239179608443692e+00
-5.622967139408899584e+00
8.969270301929716638e+00
2.057395146455346691e+01
5.284777830562177314e+00
3.595670726600718403e+00
1.042371534989130044e+00
-6.664943069315111934e+00
-2.398190265031508517e+01
-2.128447411085710428e+01
7.719336763709762295e+00
3.124474198663758884e+01
-5.386435722077101751e+00
2.369519220551956096e+01
4.928169761642207658e-01
-1.927000053993207018e+01
1.209767615069731583e+01
2.921954054056872252e+00
-8.876604487440442171e+00
-5.021526309669184229e+00
1.321762652106350622e+01
5.427491133509297683e+00
-1.556911299279096639e+01
-2.471547925294989412e+01
-2.693019106638200100e+00
-6.280564052398947439e+00
8.869293865181926861e+00
-3.861881737086651500e-01
1.450048241787920666e+01
-1.582726721557998317e+01
-1.080742134329599935e+01
-5.999768298117255760e+00
-7.234906225587102391e+00
1.851733234362756875e+01
-1.113636845063290304e+00
-4.123176063094599719e+00
-1.149960681186744438e+01
-3.711052862386811313e+00
1.326181871945594359e+01
-4.475624914899301032e+00
-2.077021337920205113e+01
6.512021662235421005e-01
-7.665619742663589697e-01
2.828932844422514137e+01
-1.079549677131018370e+01
-8.172310740801899343e+00
-8.242017597753690694e+00
6.900654584128634639e+00
-8.568220125903645012e+00
1.645960740647908693e+01
-3.666475088144529160e+00
-1.535209113280248117e+00
-1.689971842764892429e+01
-1.691447969447111532e+01
-1.140504146747706926e+01
1.132229120111274234e+01
-1.098534313396410944e+01
4.195546275884314724e+00
1.818391001480925695e+01
8.217787067214276320e+00
-1.096617964753872965e+00
2.097717488720923384e+01
1.416023157431559598e+00
3.620248097027461753e+00
1.593930705819336602e+00
1.207574029757357081e+01
-1.366785113357632087e+00
-1.648995274766086183e+01
1.879090463358224383e+01
1.264506717623418020e+01
-1.033635082024331808e+01
1.401666935476958287e+01
-5.341018271709909726e+00
-1.516173396007593510e+01
-8.579406693918317117e+00
9.592599181079855541e-02
1.456864632264483816e+01
8.079884904678108271e+00
2.229106887514674118e-01
-8.246595645205516689e+00
3.859438368086050453e+00
1.141032286300217535e+01
-1.209148194621649886e+01
-1.667031084693643095e+01
-6.936035339773129138e+00
-1.831546180806017077e+01
8.544751502402300858e+00
-2.678459282078710757e+00
5.032096726652288687e+00
5.700592274295764206e+00
2.681486767461156440e+00
-2.088386246494585929e+00
-6.725524472604440973e+00
-4.629828331753016890e+00
-1.434552582190328529e+01
2.396258079347936221e+00
-1.601024463252285202e+00
1.652214464555635587e+01
2.291356024855593088e+00
4.684945876430132827e+00
4.973211771947998905e+00
1.958353357980085008e+01
-9.106257460783306001e+00
-2.578095108631902055e-01
-4.604218136372210779e+00
8.374362053749956347e-01
-2.234458644295462904e+01
-1.921103424271836779e+00
-6.127000934694681433e+00
9.715424064169326801e-01
1.984056302551626461e+00
-5.492829180936995570e+00
-9.314658352214735260e+00
-3.219455030596759748e+00
4.244386988188376009e+00
2.472595083974622909e+00
3.943770335051096865e+00
-1.437864808491779023e+01
8.491805540309126599e+00
-2.005437872005216349e+01
3.926147771110434892e+00
1.226934407054551102e+01
-2.395277605152425338e+01
-6.101877473661918572e+00
7.947611204246441297e+00
1.283131593677357429e+01
-4.062020745889892481e+00
-2.730377252273802569e+01
-7.655680821691531746e-01
4.709851495477069605e+00
5.295501835255644885e+00
-1.211026712796444649e+01
-9.990924650041192123e+00
8.690954817052313430e+00
1.792990364982503237e+01
2.210443549274498309e+01
1.865074813527088082e+01
1.716713847477669930e+01
-6.515501607312574883e+00
2.252019886970407825e+01
8.644772739643942217e+00
-3.382144699854484404e+00
6.012663762033074732e-01
-2.046784586602491274e+01
-2.906858602865356023e+00
-9.108503389811369644e+00
8.933530686755482009e+00
-1.489689440979528934e+00
-3.713572194556502115e+00
-1.135291400695488395e+00
2.065399822396214446e+00
-6.869288722834101080e+00
-6.233310548705711440e+00
-1.996663699926270041e+01
-1.377727088864952165e+01
-4.476155772777336006e-01
-1.497759348178274941e+01
9.723909075413622816e+00
-5.323158063877949653e-01
-9.049905065825312178e+00
-2.509966269307695086e+01
-9.514453780360101476e+00
