2.287086325252887686e+00
5.522772290964057113e-02
1.923974317432209480e+00
3.425653230849253550e+00
3.155870479085442160e+00
-2.332138408650597849e+00
-5.065847601730641969e-01
3.497707612906078456e+00
1.896156363669283307e+00
4.845904511576917706e+00
-3.051150206978770818e+00
1.577477750731171913e+00
-8.036084398788078786e+00
-5.926149280280974541e-01
1.259167516421362709e+00
8.113220841117994020e-01
4.725270237324806111e+00
5.463472689143412886e+00
-1.572406642614211147e+00
-1.292111548288038980e+00
-1.138894597466934444e+00
1.486566032046007679e+00
1.003338707107490402e+00
-2.181777257257639935e+00
-1.159051548443061463e+00
-9.645831720699733491e-01
3.781909992415414035e+00
2.116283356372136826e+00
3.090122754395713489e+00
-4.195034010063208640e+00
-2.221021642237243299e+00
5.442944004126257784e-01
-1.748480871762061906e+00
1.870644372488075857e-01
-5.306659813675200787e+00
-2.212569957416482769e+00
-2.233492429508737942e+00
3.304918553621502553e-01
2.967112807669340491e+00
5.982671818675217024e-01
-3.047572287287494408e+00
2.391463247902959832e+00
-1.408804591486612967e+00
-4.579049231925552133e-01
-7.005461303245582583e-01
3.109984617434092158e+00
-1.122563941878898852e+00
1.614899962704561709e+00
-5.031377317766431823e+00
-8.259188989762795696e-01
-7.048314547370167216e-02
5.552666921635861508e-01
-3.877670419367646448e-01
-3.027941630443152565e+00
4.044359688644523665e+00
-5.789418376248853804e-01
2.971682646045111120e+00
2.924720612421598531e+00
1.888631187203090867e-01
-1.197675223331872374e+00
6.415059734976321648e-01
2.630720138312167222e+00
2.474252456395009681e+00
1.010519837417948041e+00
1.637406715637014232e-01
-4.752359271669589269e+00
-1.637547560314110529e+00
-8.050926426088373944e-01
-8.437415399049079667e-01
2.118797521684619323e+00
3.865608141947144638e+00
2.894143397050979782e+00
2.737829783625090219e+00
1.019949765612697679e+00
-3.444965155133354884e+00
-2.367458472258934521e-01
4.727481122476544506e+00
-2.331857864580888950e+00
-2.149451701472353982e+00
-6.897858718760796481e-01
1.734601603541102044e+00
2.915478117391789858e+00
-3.465716108034061715e+00
-4.393005432771927843e-03
-7.214350830904913137e-01
-1.191552645743064964e+00
-4.905391849238372792e+00
-1.564274847942436875e+00
4.379287937551561427e+00
9.495355679506368995e-02
-7.164834518293512478e-01
-4.623071401542407699e+00
3.861532972859694990e+00
-8.137065065909320216e-01
1.392805456948995602e+00
3.405106488910552454e+00
-5.084833524638542990e+00
-4.933132620010954206e+00
1.015120576703862687e+00
-3.647648773129724908e+00
-2.995764301152315845e+00
-1.824339821883742996e+00
-6.370446571669976521e-01
2.705046956351005782e+00
4.008265463764987935e+00
3.835701831655907057e+00
-5.686250931737479419e+00
-4.095187254911256125e-01
3.087736210707893836e+00
1.499063254932541334e+00
-4.294468565089524681e+00
-5.712262626296943369e-01
-1.533684459016756207e+00
-1.393187922558160929e+00
-1.856893997832339327e+00
1.843033361158759598e-01
-1.258308140618385362e+00
-6.711712653430275122e-01
-8.821986717409038281e-01
-9.729639257432824984e-01
-3.203900346923649334e+00
2.511014831357056831e+00
4.706935702890016948e+00
-1.501700141793877119e+00
-2.125458171664624807e+00
1.598057892711748140e+00
-9.261270126876500752e-01
1.010437500720109627e+00
2.595656790710057157e-02
-9.444650016253732794e-01
-2.826681962260656267e+00
2.560968510196096393e+00
-3.538190708146427443e+00
3.247927264990532858e+00
3.250607019326000824e+00
-4.035303499311957420e-01
5.041532295802825914e+00
8.992318270000069225e-01
-1.485222421337512699e+00
2.233240585454081550e+00
3.662494566258998496e+00
3.643823364282504862e+00
-4.069759446150932547e+00
2.375154634012732302e+00
2.783800522981992875e-01
-9.408886852266915568e-01
5.083558270158947678e-01
4.556582120518806178e+00
-5.564879408113716508e+00
3.937664413962590704e+00
-3.585176737619253373e+00
4.911985028967282396e+00
-2.651162309248245919e+00
4.776600989085472371e+00
-9.532750747148520665e-01
4.800071010558431439e+00
5.054425282827733845e+00
-1.665757441257857963e+00
2.371409818455431751e+00
-3.582564841700796254e+00
1.097691748559943559e+00
4.619291389752790411e-01
2.126587609282264868e+00
2.800738457276725768e+00
-2.906626390199147814e+00
-6.001114202760372551e-01
-1.333786705645053861e+00
-9.814609790791354316e-01
-3.919464617367277359e+00
-1.555238234838469902e+00
1.126530632000121379e+00
-4.142804416331167805e-01
-2.814737767907839139e+00
-1.566941717274151769e+00
-4.571261966527757070e-01
2.406224940736358953e+00
-4.159345851547191053e+00
1.289456706308425460e+00
-4.848785866876757500e-01
2.955897541098067460e+00
1.997629429147903979e+00
2.939641011327875031e+00
-5.475144545167318633e-01
1.481905273611460183e+00
1.595263003806938640e+00
2.069437884818190909e+00
1.526178293991303780e-01
6.615415449547793481e-01
-1.843589095107922571e+00
-2.690446819649352506e+00
1.200542621721003428e-01
1.641116557757037242e+00
-3.255000539113019897e+00
-5.597544180518238655e+00
-1.518258058114476228e+00
5.469953879985145484e-01
-3.915466136919099061e+00
1.048983079425857889e+00
-3.821075535012703916e+00
6.102742251576118271e+00
2.430544542737608449e+00
-7.779723391916078257e-02
4.407308428705369430e+00
-2.462026369857438723e+00
-4.172579175153623421e-01
-4.039799813329435274e+00
1.323899054085757143e+00
-2.846600314941305054e+00
2.291106527566165507e+00
2.890855130058152422e+00
-7.922224347050911275e-01
1.354701717121107318e+00
1.181158837770152736e+00
1.075666038684492537e-02
2.596108162390331486e+00
2.547529092455254496e+00
2.186994867473839754e+00
-6.076349252409640300e+00
3.840734874194853266e+00
-3.643705985401723524e+00
-1.686177497819142113e-01
1.203403604946860606e+00
2.237566432145381867e+00
-1.346759589304515226e+00
5.316448753575785169e+00
-9.902174282282537598e-01
3.828389542367459875e+00
-4.293803309040126193e-01
6.167554205950814133e-02
3.334573069676457280e+00
4.859458460062429097e+00
-3.301279083347517518e-01
4.683867008145718991e+00
1.272073437893523895e+00
-3.830666446807471925e-01
2.984833913505718694e+00
-1.815992798455950297e+00
5.718750331756497829e+00
-1.391883614823847815e+00
2.336194174746077046e+00
-2.012110641854856219e+00
-2.317322790685405032e+00
2.236871509410983894e+00
-1.084918275592214459e-01
-9.536232880234875031e-01
3.820019360762385130e+00
2.408290668006697555e+00
5.610110575128305355e-01
-1.865645496429149564e+00
5.208928508350801678e+00
-1.837247826938847028e+00
2.317819555027753164e+00
-2.556186024139037727e+00
2.065606977493498864e+00
3.031348788790197535e+00
2.338568582340957214e+00
-3.181240734616313404e+00
1.366050457823216879e+00
-2.177250036516398701e+00
-4.576539111803465509e+00
-2.193206780293925018e+00
-6.832024642233623934e-01
7.373850939994261999e-01
-5.042809568537560683e-01
-3.215897105946399215e+00
