

gen best mean std best_sol
0 -5.642301 -6.008971 0.48904
1 -5.573386 -5.650068 0.079078
2 6.298317 -4.420779 3.573151
3 6.298317 -2.020915 5.446224
4 7.263941 -0.712701 5.927548
5 8.149794 2.328543 5.904786
6 8.149794 3.623051 5.186564
7 8.149794 5.424938 3.03263
8 8.149794 6.698865 0.800239
9 19.033558 8.038699 3.737451
10 17.002309 6.992764 5.354887
11 17.002309 8.782479 3.266171
12 22.896254 11.883487 5.827842
13 20.710039 11.583295 5.222898
14 22.929669 13.902856 5.043473
15 25.926966 16.402782 5.219307
16 25.926966 19.078372 3.347479
17 25.926966 19.603751 3.129728
18 25.926966 19.691754 3.02358
19 25.926966 19.691754 3.02358
20 22.929669 17.611684 4.705624
21 20.710039 15.900931 7.424559
22 20.669713 15.235212 7.232629
23 21.848677 17.977418 2.421827
24 21.848677 18.612152 1.796455
25 20.669713 17.762693 2.054965
26 20.625667 17.090849 2.092636
27 19.276779 14.470943 6.901629
28 17.902953 13.528737 6.827413
29 20.028257 16.090438 2.779885
30 20.028257 16.689386 1.872184
31 20.028257 16.817325 1.673009
32 26.116063 19.182063 3.633446
33 26.116063 19.494025 3.464799
34 26.116063 20.213333 3.48954
35 28.90996 22.094604 3.870398
36 30.709599 24.656993 4.442397
37 30.709599 21.276113 9.678064
38 30.709599 24.977971 3.17113
39 30.709599 26.629256 2.649053
40 30.702516 26.924929 1.788312
41 30.702516 26.924929 1.788312
42 28.90996 26.873741 0.801965
43 27.613397 25.600628 3.35696
44 26.880225 22.514688 9.232033
45 26.880225 22.112071 9.273887
46 33.054048 27.196469 2.659263
47 33.054048 27.196469 2.659263
48 33.054048 27.196469 2.659263
49 30.502905 26.944001 1.643306
50 32.014437 27.743602 1.943226
51 32.014437 27.791903 1.907853
52 30.502905 25.214098 7.653976
53 29.929246 26.347677 3.7262
54 30.486335 27.821402 1.480725
55 30.752837 29.601567 1.178373
56 30.674258 27.811972 5.69821
57 32.94966 30.212113 1.164958
58 30.685786 30.031362 1.184103
59 30.685786 30.368005 0.487977
60 30.685786 30.368005 0.487977
61 30.677938 29.978455 1.164596
62 30.677938 29.978455 1.164596
63 34.419476 30.741374 1.315318
64 37.543751 31.582221 2.322136
65 37.543751 31.645445 2.284574
66 37.543751 31.645445 2.284574
67 37.543751 32.081636 2.358161
68 37.543751 32.081636 2.358161
69 34.43612 28.493228 9.069199
70 34.419476 27.319058 11.070972
71 30.677938 29.026093 4.4426
72 30.677938 26.630756 10.326912
73 35.63672 31.013698 1.557852
74 35.63672 31.170296 1.533001
75 31.629741 27.199657 10.429513
76 30.677938 29.418943 2.374817
77 30.674258 26.552717 8.506463
78 31.787476 30.371073 1.429906
79 31.787476 30.58091 0.874528
80 31.806381 30.913989 0.600665
81 31.787476 30.265478 1.728713
82 31.787476 29.135291 3.323259
83 30.674258 27.103345 7.145155
84 30.674258 24.530231 9.605455
85 30.664808 23.969093 9.472685
86 30.633654 22.989832 10.496225
87 32.764983 29.281184 2.734337
88 32.764983 29.679334 2.408094
89 32.764983 30.804347 1.360119
90 32.764983 30.804347 1.360119
91 32.764983 30.804347 1.360119
92 32.764983 29.687198 2.949825
93 32.727513 30.141529 2.270313
94 32.031951 29.524356 2.916541
95 32.031951 28.479685 4.158779
96 30.633654 28.209745 4.010599
97 30.56148 25.019796 10.578584
98 30.486335 24.999501 10.343781
99 30.063764 24.486014 10.215132
100 29.477134 24.014211 10.051069
101 29.370097 25.36013 3.840661
102 29.364155 26.103163 2.578692
103 32.77465 27.631577 2.313648
104 32.77465 27.631577 2.313648
105 32.77465 28.017576 2.238401
106 32.77465 28.200962 2.092413
107 29.364155 28.374123 1.206127
108 29.877318 29.369418 0.175073
109 32.70579 29.723583 1.007536
110 32.70579 29.723583 1.007536
111 32.70579 29.723583 1.007536
112 29.877318 28.110626 3.848306
113 30.627405 29.519229 0.403611
114 34.686368 30.062304 1.591063
115 33.549453 30.469718 1.42575
116 33.549453 30.469718 1.42575
117 35.612983 32.512981 2.15122
118 38.445155 34.518461 2.372613
119 38.445155 35.013878 1.992428
120 38.445155 33.157309 4.717055
121 35.612983 34.032938 1.042588
122 35.632303 34.323949 1.042254
123 35.632303 34.323949 1.042254
124 35.632303 34.518279 0.958387
125 35.632303 34.518279 0.958387
126 35.632303 34.518279 0.958387
127 35.632303 34.518279 0.958387
128 35.632303 34.690862 0.820991
129 35.632303 34.690862 0.820991
130 37.977711 35.134587 1.193787
131 37.977711 35.134587 1.193787
132 36.490696 35.125565 1.210041
133 36.490696 35.125565 1.210041
134 36.490696 35.125565 1.210041
135 36.490696 35.193972 1.038338
136 36.490696 34.020071 3.230494
137 35.632303 33.607595 4.106079
138 35.612983 34.594717 1.037883
139 35.612983 33.441183 4.166087
140 35.57351 32.539147 4.647631
141 35.569361 33.934934 1.225296
142 35.57986 34.385391 1.015749
143 35.569361 34.275925 0.845777
144 35.569361 34.276661 0.844389
145 35.569361 34.276661 0.844389
146 35.569361 34.276661 0.844389
147 35.569361 34.564932 0.737691
148 36.546812 34.864348 0.863047
149 36.546812 35.163667 0.875516