-2.223557601387364002e+01
-2.052319973570406297e+00
-1.710016684211662508e+01
1.082154728841142521e+01
-2.019922917625466940e+00
6.474277287419904603e+00
6.117787896964947514e+00
-1.224802304826201116e+01
2.461874937823961051e+00
6.084549487040402660e-01
9.582570570008916988e+00
5.739769367298982239e+00
-1.311761360094168083e+01
-1.093025068251790266e+01
3.250714640966819946e+00
7.175922559277533530e+00
1.081243107957937655e+00
4.116871360795265389e+00
-5.446225374309925371e+00
1.606328438697344207e+00
6.552041961310052898e+00
1.966468989010803803e+00
-1.180502203700370067e+00
3.264644375065055115e+00
1.460354218277455729e+01
9.210418203649208380e+00
8.893044395311569872e+00
-6.062722653850332044e+00
-1.390094471249599728e+00
-9.030529818461797475e+00
-1.297361136178247776e+01
4.128462419640302472e-01
-6.067534540640224350e+00
9.361513223458480581e+00
1.021200552032395770e+01
4.529001333586902156e+00
1.790103424459052306e+01
4.384455117050961803e+00
8.896762775239361432e+00
5.662434090121539754e+00
1.056641079066616662e+01
4.425405943167612932e+00
5.395813531228286219e-01
8.446098612052484356e+00
-5.429425140695254726e+00
-1.975094637688262367e+01
-1.523931865261919150e+00
-4.001320901234031169e-01
2.064325630776554288e+00
3.125180588390882086e+00
-9.482830137143560378e+00
4.708918529558192567e-01
1.546946406160822463e+00
-2.035722596358151559e-01
9.878381002093919450e-02
-4.357014016615088359e+00
4.006186942204144508e+00
6.551828804262297190e+00
7.104699540075460007e+00
2.083509480445229656e+00
-2.290429293667801680e+00
-7.282449246095579198e+00
1.472784615071259795e-01
-1.114632850361097560e+01
1.988579417658007742e+01
-6.326554705491755470e+00
2.555101733294166788e+00
-1.012701957008050613e+01
-7.229708039093341476e+00
3.913853593748888748e+00
5.327258935818448116e+00
-5.720667394472749301e+00
-2.379373172240671908e-01
3.673848221392122415e+00
1.601773903714741820e+01
-3.536111617992216516e+00
5.400227344225822179e+00
5.520238949387964666e+00
6.249333222426820988e+00
9.861661436404753900e+00
3.432359910088362831e+00
-2.535718258115589929e+00
-3.000832052366035008e+00
5.405108107731696698e+00
9.453095496828562982e-01
-3.838474902327954297e+00
-1.114669613595370024e+01
1.148720138902805665e+01
-6.644549759221434648e+00
1.112440610449715095e+01
1.376747312752603847e+01
9.742291529109623482e-01
3.327648015168749751e+00
-1.380325852463568426e+00
-1.058880111459227003e+01
-2.080437797823313062e+00
-1.126578292761641009e+01
2.698421869159484121e+00
-6.254040311758261694e+00
4.654511347221445661e+00
8.855547402117831979e+00
-4.173248737772533801e+00
2.548580638615566940e+00
6.777047985724912738e-02
-4.890551968738660271e+00
-3.965651254169676454e-01
1.018287236882534508e+01
-2.751439734943087467e-01
-9.508942171982551983e+00
1.997627661462479276e+00
9.496587272345321296e+00
-4.897933976660189259e+00
-3.447039956109043679e+00
7.314797485213300199e+00
1.342229359191609239e+00
2.785822026720085720e+00
5.486941307382568134e+00
-1.382449286909241293e+00
1.366461924412551632e+01
-7.084580528732216109e+00
2.186639213630711787e+00
6.478118685065590299e+00
-1.049877080911936034e+01
-5.759669281168933175e+00
1.152433310222217067e+01
-1.130879231935343565e+00
-5.175479597733803949e+00
7.395862861362367369e+00
-2.713532635592500242e+00
-1.034842910145762396e+01
7.534910206955784950e-01
-1.657030327584493534e+01
-8.052970187747575892e+00
-8.014281416702752736e+00
-5.869739233531629630e+00
-7.432141824507852768e+00
-1.871624898877769505e+00
-6.025754161142232057e+00
-5.045692555687500302e+00
6.611962845624683283e+00
1.372647908495168245e+01
6.922154435810154105e+00
-7.963674127353922216e+00
-7.733519186480179997e-01
1.824947732867348549e+01
2.726302343985459675e+00
-7.354280954936476711e+00
8.797158535015586756e-01
-1.913829459693695778e+00
2.133001073880903764e+00
6.927985406687147574e+00
-6.526801641572347989e+00
4.229712002448765773e+00
1.110863443936362671e+01
-2.144020717381156516e+00
-8.944675024661844276e+00
1.203586432714440324e+00
-3.197304469020264328e+00
-1.257663685726924996e+01
3.442821764028449305e+00
-9.400062146823380260e+00
-4.913304856033050783e+00
-1.057580988631317354e+01
-3.612989269609776510e+00
-1.243104863230689583e+00
-9.090664291648796080e+00
7.598982463525750575e+00
-1.858371805856129377e+00
2.242810479307342231e+00
1.778094873508971663e+00
-4.364374491870258055e+00
5.274262125980308191e+00
-8.826754140422989892e+00
5.735050904867386556e+00
-9.942041304098557575e+00
4.409182661480396170e+00
1.582733299914183434e+00
-1.294697977478620032e+01
-8.229610186242457104e+00
2.205187995265561973e+00
6.415983057497956388e+00
-1.406461113615641167e+01
-6.139967365070901906e-01
-1.803808096707255393e+00
1.164546959896861633e-01
-1.687880986552163520e+01
1.739159662734875766e+00
-2.904137777231753148e+00
3.031530526732109987e+00
8.540130469351250753e+00
-1.224394095249116354e+01
1.287297911055448019e+01
-6.029463880324085201e-01
-5.762305666925709779e+00
-1.930526597408346756e+00
1.983112846513994754e+01
-7.541940170117052311e+00
-1.009330600593668592e+01
1.723175241383078760e+00
1.175576509533823977e+00
-1.304789475668452159e+00
3.974278780159751445e+00
-1.046996795604472297e+01
7.951853957624055447e-02
7.513900819046425150e-01
3.763363566707080832e+00
1.093486040896166855e+01
1.874858690109040715e+00
-6.010205484697732636e+00
-1.698079800310250320e+01
-5.944750018570286620e+00
-1.163392601146451533e+01
8.320697158894526879e+00
2.734873024124336194e+00
-4.860251286640475676e+00
-1.647947042318622835e+01
5.708465165135574892e+00
2.882058493083039519e+00
-3.794749308290382483e+00
-4.977869111855812712e+00
-5.928034646534270369e-01
4.841857829014496239e+00
1.230602638986447062e+00
1.472610724651499936e+01
4.125721861676171720e+00
-1.239032353950216958e+01
8.285047175571190081e+00
4.015528383377867883e+00
-8.859591080261298046e+00
8.031348459394966000e+00
4.621867313396258226e+00
-1.543813666171527155e+00
-4.731369739318025958e-01
4.341133207556349127e+00
8.913549350711456043e+00
3.517321028277283990e+00
3.437719209106662621e+00
-1.303775717283824775e+01
-1.993766829897655191e+00
5.765050977651668518e+00
1.057783948281939779e+01
-2.181565749101743279e+00
5.636297920822686436e+00
1.316004054768903053e+01
8.562756628310411955e+00
-2.556312209332143315e+00
4.445019788989477583e+00
1.479906959698024238e+01
1.135890414485833944e+01
-1.469084320780120079e+00
6.479401559899187646e+00
1.272339954866236056e+01
1.878221736312320544e+01
1.359851833295159196e+01
2.602580324277159463e+00
9.731708673768158846e+00
-4.604634052417275747e+00
-3.469420156647709863e+00
5.794812592324191103e-01
4.464637736851955196e+00
-5.020385191071865982e+00
2.187489686753202101e+00
4.244149743516635098e+00
-1.848649731223556136e+00
2.750081347501342144e+00
