

gen best mean std best_sol
0 6.343188 -3.578445 5.017537
1 6.298317 -4.88048 4.045728
2 6.954755 -2.2009 4.954396
3 8.84999 4.00776 4.614537
4 8.84999 6.201619 1.558199
5 16.293595 7.618656 2.990227
6 16.293595 8.60467 3.884292
7 16.293595 9.719645 4.151035
8 16.293595 9.719645 4.151035
9 16.158455 9.349547 3.305908
10 16.158455 11.184135 3.792055
11 15.852458 12.622953 3.846766
12 23.380508 17.610976 3.119404
13 23.380508 17.712036 3.052341
14 23.380508 14.530516 8.094126
15 23.380508 17.373854 2.50187
16 23.380508 17.41434 2.47784
17 24.349966 18.662766 3.085944
18 24.349966 18.662766 3.085944
19 24.349966 18.662766 3.085944
20 24.349966 19.508797 3.357483
21 24.349966 17.563555 6.28824
22 23.380508 16.933969 6.539321
23 20.163578 16.930355 4.026798
24 20.153175 15.842123 5.681046
25 29.582485 20.225129 4.99649
26 29.582485 20.225129 4.99649
27 29.582485 20.225129 4.99649
28 29.582485 20.225129 4.99649
29 29.582485 21.396491 5.194562
30 33.013517 24.045835 4.972231
31 29.582485 21.511374 6.089172
32 29.582485 19.063801 7.536306
33 27.529252 20.112718 3.939486
34 24.570905 19.362357 6.320661
35 25.742371 22.431645 2.341513
36 25.742371 23.301044 1.974715
37 34.524109 26.086796 3.186111
38 34.524109 27.278165 3.16674
39 30.650241 26.314335 4.371438
40 29.924788 25.483213 5.177479
41 29.924788 27.28315 1.687298
42 29.924788 27.365121 1.576273
43 30.620058 27.874743 1.716203
44 30.634908 28.363997 1.735838
45 32.013442 28.991104 1.806771
46 30.634908 27.16693 5.559962
47 32.013442 28.91997 1.573912
48 32.013442 28.91997 1.573912
49 32.013442 28.91997 1.573912
50 32.013442 28.91997 1.573912
51 32.013442 28.91997 1.573912
52 32.013442 28.91997 1.573912
53 33.441909 29.9987 1.58995
54 33.441909 29.9987 1.58995
55 33.441909 29.9987 1.58995
56 33.441909 29.9987 1.58995
57 33.441909 29.9987 1.58995
58 32.013442 28.624286 3.172423
59 32.646866 29.919195 1.42735
60 32.646866 29.919195 1.42735
61 32.646866 29.919195 1.42735
62 32.646866 29.919195 1.42735
63 34.093827 30.49009 1.794088
64 43.686846 31.993811 4.246679
65 43.686846 31.993811 4.246679
66 43.686846 32.53104 4.137881
67 43.686846 32.915125 3.942516
68 43.686846 32.915125 3.942516
69 34.099564 29.130234 7.932996
70 34.093827 26.600238 10.498774
71 32.646866 29.390714 2.781676
72 32.588454 27.412388 7.509132
73 32.588454 29.231498 2.737724
74 32.588454 29.280019 2.647001
75 32.588454 29.882625 2.114437
76 32.588454 30.051018 1.822068
77 32.588454 30.051018 1.822068
78 32.588454 30.493245 1.534733
79 34.062395 31.202439 1.373073
80 34.062395 31.202439 1.373073
81 34.062395 31.488847 1.155696
82 32.588454 29.368111 5.55857
83 32.013442 30.687462 1.500721
84 36.681863 31.688364 1.797757
85 32.013442 30.45696 2.140349
86 31.964152 28.309721 6.276348
87 31.818045 28.035322 4.540841
88 31.454763 27.21666 4.850314
89 31.392735 26.402231 4.753097
90 30.704546 26.678718 3.984067
91 30.620058 25.948228 3.830025
92 30.523441 22.296014 10.029557
93 30.490349 22.014617 9.487852
94 29.924788 23.402394 3.196377
95 31.629021 25.278391 2.895043
96 31.629021 25.574428 2.821452
97 31.629021 25.574428 2.821452
98 32.936583 27.269439 3.068377
99 32.936583 27.269439 3.068377
100 33.045403 28.605014 2.824299
101 32.936583 27.369194 3.278243
102 32.936583 28.189268 2.416634
103 31.629021 26.042158 5.190842
104 29.924788 24.4153 7.370485
105 28.887949 22.984109 9.644867
106 28.578737 25.526246 2.317087
107 28.610214 26.878595 1.329448
108 28.610214 27.332715 1.095758
109 28.610214 27.538486 1.054515
110 32.021729 28.69474 1.859464
111 32.021729 28.9159 1.691
112 32.021729 29.353108 1.527676
113 32.021729 29.793364 1.595763
114 32.021729 29.832684 1.561706
115 32.919466 31.106401 1.484936
116 32.919466 31.459216 1.216783
117 32.919466 31.692952 0.74041
118 32.88227 31.508025 1.111827
119 32.88227 31.691387 0.731078
120 32.88227 31.691387 0.731078
121 32.88227 31.691387 0.731078
122 32.88227 31.779303 0.642408
123 36.683151 32.51316 1.426424
124 36.683151 33.053679 1.532647
125 36.683151 33.053679 1.532647
126 36.683151 33.105168 1.505166
127 36.683151 33.105168 1.505166
128 36.683151 33.105168 1.505166
129 35.087786 32.818804 1.317085
130 34.437261 31.79324 2.558667
131 34.437261 31.423175 2.066312
132 32.88227 30.304676 2.964205
133 32.526199 28.727111 4.820722
134 32.021729 30.86812 2.108297
135 32.021729 31.724999 0.406449
136 32.925589 31.943254 0.406552
137 32.021729 31.519687 0.973549
138 32.018216 30.60898 3.682082
139 32.992403 32.101459 0.491725
140 32.992403 32.377336 0.448212
141 32.992403 32.377336 0.448212
142 32.992403 32.377688 0.447924
143 32.992403 32.377688 0.447924
144 32.992403 32.377688 0.447924
145 32.992403 32.377688 0.447924
146 32.992403 32.47607 0.46381
147 32.992403 32.47607 0.46381
148 32.992403 32.574101 0.458959
149 32.992403 32.574101 0.458959