6.680882110611747748e+00
-5.680817026197060748e+00
5.668950045947116045e+00
3.628905069589691834e+00
6.330536776512774466e+00
-1.562851585026489465e+00
-6.095836419838458475e-01
1.147330024441158969e+01
-1.155698753584815641e+01
-8.290054901950805188e+00
-1.002957827738208252e+01
2.682627175923014473e+00
7.859480060636919063e+00
-3.426163637539878515e+00
-6.431614568431959889e+00
-1.801901854261406033e+00
-7.961039270451242267e-01
-5.850595396797618974e+00
3.533999979902483268e+00
8.855312539246686043e+00
8.713020785662692447e+00
3.121981455182478715e+00
1.446329108999976576e+01
-1.261295434469657861e+00
5.304241926971695165e+00
-2.334471834003946089e+00
-1.707827966513440154e+00
2.083617206324515969e+00
-1.418415496879074089e+00
-1.890823685099963569e+00
-1.996224698390774765e+00
-1.379472544755430619e+01
3.646791030458136795e+00
-4.889371481630370830e+00
-1.641747447909354563e+00
9.697781236659739790e+00
7.786896277418848378e+00
-2.109222746550982297e+00
-1.075849535444949900e+01
-1.103210881992113590e+00
-3.071507689783818051e+00
9.415810545560675537e-01
3.994256225759580836e+00
1.454001896565365826e+00
3.724113725872665093e+00
4.572400048136627815e-01
3.382129879327890887e+00
5.378666869299875586e+00
-1.487036618782105890e+01
-1.592172898922027846e+00
-1.215948773194637456e+00
-6.312212280925706409e+00
-1.294766043015135537e+01
-1.826487555326557155e+00
5.765134257524250572e+00
7.734037104398796103e+00
-1.048038112308242731e+01
-1.425062151684928935e+01
2.573986497012835439e+00
-1.513161413986330572e+01
2.844923336640089673e+00
1.442862384458958092e+00
7.188707438983500397e-01
1.439304584441267743e+00
-1.448375906536136570e+00
-2.863351002661235212e-01
-9.635199544610562938e+00
6.760434660429652354e+00
-6.065594242832069938e+00
5.649823202323595694e+00
1.023375382609638118e+00
-2.145608563850615713e+00
2.078636629243414191e+01
9.085584675211693551e+00
-6.964265228624953785e+00
-2.015502999178218957e+00
7.527588396769635537e-01
-1.325723104243472283e+00
2.643095914852126693e+00
-5.210580575560450178e+00
1.362195685173814619e+00
5.008919645320216496e+00
-1.487453661533709770e+01
1.111250582386535868e+01
3.189459911283804572e-01
-2.339666239251727564e+00
2.889250736723504964e+00
1.584710969392284952e+01
5.798308663014226205e+00
-8.766305860970629027e+00
1.365175235778661289e+00
-3.619378228311636025e+00
1.036385474179235189e+01
-1.260527914096685187e+01
-7.761600576931780182e+00
3.768305849219635850e-01
-1.206959168781687852e+00
-4.627007636654600908e+00
7.318954354524059625e+00
-2.630999538440216501e+00
4.278578738690145933e+00
1.216223333008062291e+01
-6.204780266479004602e+00
-6.126356120341676537e+00
-8.014838282392169333e-01
-4.791602836687433031e-01
-5.439827386319129321e-01
7.416485616083380528e+00
5.588081544970262549e+00
1.107340368062985636e+00
2.986160927998402492e-01
1.955265322162676789e+00
1.019973792934732693e+01
-7.008213020506993018e+00
7.412055635887122129e+00
9.945443267691957967e-01
1.003293444374171228e+00
-1.045464781415278432e+00
1.407410970389453198e+01
-1.292515949182641499e+01
3.414122642957789222e-01
-5.064151095805089930e+00
1.813780701300338416e+00
-5.415022103529980591e+00
-8.984860903982013980e+00
5.167204462031723011e+00
5.606724571483138853e+00
3.074819782143193847e-01
4.291953897090992065e-01
-1.664976370249467319e+00
-1.616809205223859736e-01
1.155375201627581205e+01
-2.021807708233625434e+00
4.178959027230706447e+00
-9.681023181284238888e+00
-2.726732846439945845e+00
-2.840398948290388859e+00
-4.181014684495217848e-01
-4.465310224001839856e+00
-7.686273813488044837e+00
6.472227937047239088e+00
1.700719559300237993e+00
3.418422242136483824e+00
-1.127942394357847888e+01
-1.596401282550220380e+01
3.931792582778331990e+00
-5.318850458157409200e+00
4.494672567279983433e+00
6.884259054651883147e+00
4.219202880274631196e-01
-3.484545067598126877e+00
7.205412785458492841e+00
4.623881913644168229e+00
1.264607343997872491e+01
8.724863938821911802e+00
1.076165540900569972e+01
1.140776398071121911e-01
-2.076957132106626691e+00
-1.593847296991625084e+00
-8.238973764631486674e+00
-4.711643875189412967e-01
-6.385722922892566267e+00
4.148237637529936350e+00
2.938491420105969976e+00
-4.551130178478079436e-01
-1.130368782093336932e+01
-5.655014618918337455e+00
-9.436064787172075086e+00
4.946860559320006345e+00
6.539666632305765503e+00
-3.846717357472230758e-01
-9.129054232923863310e+00
-5.031617589752004349e+00
-8.878329571442199253e+00
8.790862593601850961e+00
-4.114873992535936331e+00
1.005753555810684929e+00
-2.543705179625798785e+00
-6.880277677684285997e+00
3.858611456891825608e-01
4.922187909392068406e+00
5.682254148844969599e+00
-2.320392173924509471e+00
2.237462066968999852e-01
-6.509847544248331452e+00
-3.444571468637942502e+00
1.234603870236415979e+01
4.389667800726174463e+00
1.790235874299610508e+00
7.836236838061244825e+00
2.007218543923820153e+00
-1.312824944051750364e+01
3.026082172198718001e-01
9.578726784256536675e+00
-2.924163743116543035e+00
5.669581399964767066e+00
1.890050783609859231e+00
2.511685347954466518e+00
-1.340906736739331073e+01
2.896286619362923531e+00
-1.289767916852233043e+01
-4.111941032628495307e+00
5.652124963294890003e-01
-2.550437708645742596e+00
5.090213857715498946e+00
3.029091208219682585e+00
3.235250427674836171e+00
-4.990809651306964412e+00
-9.427545646220442110e-01
-8.889956694675238413e-01
-7.968953323546033474e+00
2.253967028522995353e+00
-2.884709837452100967e+00
2.038913082237056695e+00
-8.216813129696181051e-01
-1.414342234297197898e+01
-1.002937525833621812e+01
3.292698091604771005e+00
-3.978279915993223614e+00
3.503352328084869960e+00
4.521350520089349345e+00
9.210018342092155308e+00
-2.522052781614632533e+00
-6.107067541022636270e+00
-2.040441787783717487e-01
-2.591153614916611225e+00
-5.561066401539472848e-01
1.301907975341299650e+00
3.262115241634810925e+00
-4.854530338972866232e+00
4.990410504810203207e+00
3.098331447207976375e+00
-1.264437119418422739e+01
3.834672991574891388e+00
-1.398481189847154083e+00
-2.355768545310850115e+00
-4.191303791908838505e+00
1.326382101299555494e+01
6.209287615866800891e+00
-6.324037466407367303e-01
-3.225302831007855087e+00
4.736879833018541319e+00
3.563434098094774516e+00
6.899562397175975637e-01
3.437237115743657423e+00
-1.214878478514897830e+00
6.798316991998268888e-01
7.313637626284012760e-02
1.243458192625598313e+00
-1.650426460235453918e+00
3.923025570441741827e+00
-7.398485882006352377e+00
-2.110956977893841291e+00
6.209628927979449209e+00
5.893792011894425364e+00
5.297396119085671096e+00
5.348144153380114396e+00
-7.064636588271067552e+00
6.449199289302024241e+00
3.467226771267128971e+00
3.151383907456948297e+00
7.496462500496178905e+00
-7.114494352587528603e+00
5.415471322271973698e+00
-4.116174096190476916e+00
