-1.852321832104719679e-01
-7.701658531960626775e-01
-2.677412198988093905e-03
1.036186613526837164e-01
-3.292198943400315159e-02
-9.049080841015715304e-01
-1.518120921593133499e-01
-5.593385018048813162e-01
-7.871662128933476499e-01
9.637038403585500568e-01
-2.955237435147184399e-02
5.304120897403412638e-01
9.641859249701312251e-02
7.569304720094565120e-01
7.731499090733942037e-01
2.468541910517982885e-01
1.393229037062573283e-01
-8.876828760841084520e-01
-2.389735823180021423e-01
-3.997983195163621328e-01
8.335527149735457719e-01
-8.927845203136528518e-01
-4.129824446714251973e-01
-8.815745324169665942e-02
-2.986617738414052425e-01
8.109206226323897315e-01
-5.058379767793996784e-02
-7.780155408254152416e-01
4.577119917277054917e-01
-3.701423757549644478e-01
3.750449782935521004e-01
-3.713619656556048643e-01
-2.131706146112346545e-01
-6.616409221160581833e-01
-2.636428408333022499e-01
-4.290819318713425812e-01
8.453371729997174455e-01
6.281194177414248792e-01
-2.734104260028424882e-01
7.126593190621928198e-01
8.886451034303577412e-01
5.943349655577112589e-01
4.700886779620552236e-01
-6.433366366164019468e-01
3.937044414377381951e-01
7.106866667345095312e-01
-7.854760220548782090e-01
8.649260246374379513e-02
-9.557326050763712555e-01
-6.613721628055384549e-01
-7.062724481874860238e-01
9.194327142522331631e-01
4.679105451139276006e-02
1.073200371906146700e-01
-5.009175204789273472e-01
3.739762600753007149e-01
7.677667982569276184e-01
-3.635283595576865867e-01
2.409822151948164404e-01
5.908196212690874916e-02
-8.364654260982740119e-01
-7.279744960094292061e-02
-7.692623212078528727e-01
-8.411975172795149724e-02
2.350900544018397209e-01
8.739131255023568912e-02
9.225450778297570320e-01
5.895354770988727733e-01
-1.391486272225102017e-01
9.148314959667616098e-01
9.303356114604064420e-01
-9.081307948620367387e-01
-9.871835383848250878e-01
-1.255525171143232477e-01
8.903478833603395426e-01
-4.811779166120397910e-01
2.022509860171535223e-01
-1.051731599844729637e-02
9.545411724623522609e-01
5.388272026254605773e-01
5.221696205748391773e-01
-2.482042970129778592e-01
-1.087300611393140493e-01
-6.353675015329387499e-01
4.884097799704956167e-02
-8.052355898400640477e-01
4.276815439047527700e-01
9.074283811067225258e-01
-3.881782201117165432e-01
-4.419875310435863458e-01
-9.153424025198049208e-01
-5.109073244977155870e-01
3.079957457507354057e-02
2.553004449576641299e-01
3.461852458882885841e-01
-5.833204083410414853e-01
5.329146858480315885e-02
-1.966025700027196343e-01
2.043744720679210314e-01
4.478452900012328541e-01
9.625690594076634632e-01
9.904687881154807805e-01
-7.255315897827772087e-01
-9.757757995733395973e-01
-4.486355475167487228e-01
7.208848572827621926e-01
4.941089370636762013e-01
8.454554127989721835e-02
-7.584947434715834103e-01
-3.656677520280449123e-02
4.770523599533484926e-01
2.432345283131089886e-01
-9.597766799924700720e-01
-8.148262669893409083e-01
3.555068478264313825e-01
2.177152480638750998e-01
4.383169502041777132e-01
4.715073108079794739e-01
-2.489450195882851880e-01
8.716152059396289342e-01
-7.944540676897899889e-01
-8.867215935998165044e-01
8.688849204197068854e-01
4.365276313287498322e-01
7.059038861436677248e-01
-6.256928817858729008e-01
-5.448775128488643205e-01
-9.663623846554583174e-01
6.860324033831952661e-01
-7.680495079723987928e-01
8.030602013369980696e-01
4.800973953678173700e-01
7.767372066828461818e-01
4.668575296050418988e-01
5.861615678535088136e-01
7.538775934923400701e-01
-4.307068379388698798e-01
-3.485866979284137912e-01
-6.617864187599622472e-01
1.506950689559032330e-01
7.439245536067202735e-01
4.804758989181110440e-01
1.229006392476221787e-01
1.413235685686622389e-01
9.709728864145736882e-01
-5.050601119028319541e-01
7.704783727068653665e-01
9.269633193516604308e-01
1.814093925210413794e-01
5.956831710081298414e-01
-6.562615426467182100e-01
6.196959769282912589e-01
-6.398848000546657477e-01
9.828028665619519266e-01
6.901210498292065232e-02
6.987240495492299530e-01
8.208571043297907543e-01
-8.251273252630375588e-02
9.689126328396242549e-01
-8.403008136995686606e-01
-8.861398302179928077e-01
-8.897842673991909201e-01
2.177738779782982803e-01
-1.722112273102747171e-01
-1.915833310113423948e-02
8.396956853007866428e-01
6.943813256449551385e-01
-3.945211162257820092e-01
3.710224528274919109e-02
-1.786456043070359101e-01
-4.157428157312577088e-01
-2.108402655840106998e-01
4.954770427702070990e-02
4.169575137874239612e-01
-3.950011111704041511e-01
4.126286115447477254e-01
-7.819127851526930240e-01
-5.472182444581850103e-01
1.587840777836966311e-01
2.823969767864391578e-01
-6.817400126647497061e-01
-9.615517002295732585e-01
7.221991943767978039e-01
-7.837546915475843701e-01
-9.158335229154110912e-01
-9.707000014858404580e-01
9.015267349741125091e-01
7.047683169365659417e-02
-9.654934596643445222e-01
4.359063728634575696e-01
-9.085258236034241541e-01
-3.975904279497239902e-01
-8.882494181881916973e-01
-4.425461021667513872e-01
-9.006025722139425760e-01
-3.403155940926041456e-01
-6.601876511576172391e-01
1.919698905575017989e-02
4.722337654099306725e-01
2.022253056513050318e-01
-7.710889857478104847e-01
3.023398188075900883e-01
-3.489368627448472537e-01
-6.066462193228463473e-01
6.416839427893257231e-01
1.902508105962585905e-01
-1.179988790496699913e-01
-4.960415728935665403e-01
7.347405696657012264e-01
-2.465733808009558103e-01
-7.070103714315350008e-01
-1.560407223323567738e-01
4.986147604997499538e-01
8.684128586857460252e-01
4.094628630424654858e-01
-3.091638120118911370e-01
4.355841753004245920e-01
-1.098367913393258899e-01
-5.532334111222392270e-01
-4.257742095061356480e-02
-5.813704687917542469e-01
-4.283683605751085199e-01
6.118694490023801613e-02
5.958602137540505161e-01
5.508568859739566559e-01
-5.787375558307941148e-01
-8.915655265602238089e-01
-6.959453228851371076e-01
1.453770356503187866e-01
3.974747785455692295e-01
6.455130179293782078e-01
9.002337651898828508e-01
-7.392073879887159915e-01
3.289287055379284119e-01
-4.396095751796127438e-01
2.914822083429378097e-01
6.872428661942531214e-01
9.313598798454012506e-01
9.410221552926614219e-01
8.789601152965829112e-01
7.621122331103258318e-02
-6.632295761386186594e-01
-7.491748307442054333e-01
-3.886233879654668044e-01
5.857719262872107535e-01
-2.607141078305466042e-01
-4.205491243551771063e-01
-9.025301583441125430e-01
5.447971255068819740e-01
-2.472169335831428949e-01
-9.634184496995272795e-01
-1.587799285984716757e-01
-2.882800798688029964e-01
-4.535977297342614900e-01
-8.641192247224793732e-01
6.849249409557263135e-01
1.255380459924615444e-01
5.013532063374483982e-01
9.537676886809998145e-02
-3.171570726591468325e-01
-6.882274778475374610e-01
6.740535961916398477e-01
-1.446823209447378744e-02
2.506032668145083964e-01
-9.447394652677409965e-04
