-3.786819097057643635e+00
-7.238663031501124578e+01
-5.604411116748205579e+00
-2.841038300118779247e+01
-3.747495485753747602e+01
-5.358378367416601407e+01
2.285244177024662804e+01
-9.510155555888080414e+01
5.259279065378355256e+01
2.257541300236549020e+01
-1.394844020116550176e+01
1.908393452858097561e+01
-4.971070124669910228e+01
2.262790319363780611e+01
6.130473101112445278e+01
-8.621288875731359269e+01
-1.702900117823435977e+01
-1.023918427140465752e+02
-1.251750086030651090e+02
-1.185779382651665372e+02
1.925493239678346313e+01
-8.993701144618707133e+01
-7.296142494804153955e+01
-1.631191500044838705e+01
5.006527388146454882e+01
-1.675948961504641233e+01
-3.170744226543433086e+01
-6.709777542160627206e+01
3.299507499190615079e+01
1.424303705973727006e+02
5.726621894321630890e+01
8.671044055615102764e+01
1.176154523957543461e+02
-7.819163664626918830e+01
-2.584313666377378027e+01
-1.051113192822981546e+01
-8.220851308357950415e+01
-3.698428680731588969e+01
-1.961907156848466798e+02
6.692311394076553199e+01
-1.153156781203852148e+02
1.561210310154731218e+01
1.169686807446594479e+01
-6.060810518883364040e+01
1.443071536642103752e+02
-2.850588549977044650e+01
1.902029175471062956e+02
-1.750292756185120595e+02
-8.926220805919531642e+01
-5.002874421619308265e+01
1.731852394868905378e+02
-2.559196860636709303e+01
-5.482179622983856859e+01
-7.273790555377108547e+01
-7.607078048323842268e+00
1.091206292967185050e+02
-8.202292795597267627e+01
5.236783696093552543e+00
8.290370857645126534e+01
4.379508187574636224e+01
-9.219152984210737811e-01
2.721175521453431401e+01
8.141039171999622681e+01
1.200771454703457124e+02
6.434646186488173214e+00
6.595032658119363012e-01
-5.383325865464840376e+01
-1.540731805859661385e+01
4.697094341799441253e+01
-3.633933283707204254e+01
-8.762841805269299300e+01
8.587638247069871511e+01
-5.248231078396177196e+01
-1.537337448849472139e+02
1.488627188193533755e+02
-2.894453186137771894e+01
1.607297856767677668e+00
7.351974054484793442e+01
7.169776307706554519e+01
1.416112199562336684e+02
-5.997981412035616700e+01
6.611553829905626856e+01
6.129872031403535004e+01
1.359888006092334649e+02
-1.498526073363249900e+01
4.306581152426739578e+01
3.850058624287380127e+01
7.233992447707237261e+01
6.976936934176170269e+01
1.065154836434826535e+02
6.941031505170168714e+01
-1.132356301271466634e+02
1.073054556880364458e+02
3.330783713371432242e+01
-6.250670853808694005e+01
-1.602559552260566988e+02
-8.396305937882360126e+00
-6.732357882058003895e+01
6.062271911082290643e+01
-1.743989436706149547e+02
1.203397133872970315e+01
-6.752307643954929972e+01
-4.293611276524497100e+01
-5.143231123603909083e+01
-3.360092776114813518e+01
-1.441634486531755321e+01
1.078217622361659167e+01
1.306418631817979019e+02
9.723586546470650660e+01
-4.483796397237316711e+01
-1.154113113834631932e+01
-7.692919425737319727e+01
-3.898845816854854007e+01
-1.009269319125270492e+01
6.634011006657055987e+01
-1.198688107587128684e+02
1.402330173406623430e+02
-2.679987679208026563e+01
-8.814464845898463352e+01
-3.596521345873146913e+01
-3.704759206501234559e+01
-9.499367535068884649e+01
1.027629527932423628e+02
6.888144849518276658e+01
-1.073411531030605381e+01
-1.932437079147825543e+01
-5.268424565904990686e+01
3.971584787762117230e+01
-8.870432158493763097e+01
-8.312158619242187285e+01
-2.024612200754890790e+00
4.740947013479789263e+01
-7.193283559266131988e+01
-7.601726500074305193e+01
1.169811172084778406e+02
-3.128413858629933841e+01
1.101241958990983534e+02
-6.297812697121489123e+01
-5.510642851977858214e+01
1.387184098521999829e+02
-3.407659858693899935e+01
-4.886416498018435561e+01
-2.178908440856729669e+02
-6.983507030351766787e+01
-2.735304726566786826e+01
-6.571088800447658684e+01
1.515802954495937094e+01
-3.214649915595579444e+01
-6.377216417466072329e+01
4.698343794428654263e+01
1.425907581829997106e+01
-8.055536925893829903e+01
-1.173879677309664231e+02
6.645986609552124946e+01
9.553353877611985467e+01
5.609817827955225766e+01
5.086116287731411489e+01
-4.364168387355518064e+01
-9.424715694977889768e+01
-9.622223003434246635e+00
1.048146280344131753e+02
-1.678461191560802490e+02
9.768655592144780186e+00
6.885120486992072131e+01
1.183373837707116394e+01
1.217884864966801750e+01
4.056514003276829783e+01
-5.777364578447739518e+01
6.809399988764864986e+01
2.740990199752230794e+01
-8.018310691388111877e+01
5.317324815448815656e+01
-1.507214241995698387e+02
-1.721748393715048451e+02
-1.641549469959030603e+02
5.096786546121137018e-01
-4.794388304634391318e+01
1.625917651263040966e+02
-6.038190011538079460e+01
2.397923248531613183e+01
-6.823729764358455441e+01
8.438075075527540037e+01
-1.980075378921958063e+01
4.252432464802051015e+01
4.319631741897435262e+01
1.908404305529825962e+01
-1.241190114792665895e+02
-8.946385092552388585e+01
9.820315388129742473e+01
-1.476732810230433657e+01
-8.562478321653775026e+01
-9.573656653792671278e+00
1.028744247560663609e+02
1.966404551001357603e+01
-6.563571808370825522e+01
-2.456419154544320804e+01
-1.419005082804743978e+01
3.354873849012557940e+01
1.040011087782678345e+01
-6.954824041286344904e-01
2.655934268598430403e+00
1.252957150889215967e+02
1.111325435067227652e+01
3.010008890664762760e+01
-4.522853507646894400e+01
-1.997655858038643828e+01
3.246890622681969063e+01
-7.658821798580396489e+01
4.108011430263357511e+01
-5.666778450789547605e+01
-8.305899457537698538e+01
1.381039823468885288e+02
3.266440036337994002e+01
1.224674518652732047e+02
6.659141015801313301e+01
1.335809332369766480e+02
-7.095446012198610219e+01
1.123403506131537313e+02
2.479929269532691549e+01
1.081447101898130825e+02
-4.086288189655432035e+01
-1.407878449801888507e+02
-2.958584719931536355e+01
1.369224829706604964e+02
-6.952987224114082210e+01
5.112214940074706249e+01
7.867356956763961762e+01
-2.535553206006927596e+01
2.467674609401747432e+01
4.313201365935240972e+01
-1.809879252087196377e+01
8.449138109032520561e+01
6.704415794651878002e+01
9.563748722881980413e+00
5.252589253206237885e+01
-2.490014636186097263e+01
-4.249821731802401104e+01
8.399067434658208242e+01
6.819373429333683134e+01
-3.351566529456232502e+01
6.140688048913391839e+01
7.174815857084186632e+01
-1.524440462494399071e+02
-6.513443901996780028e+01
3.779638254991374513e+00
-1.376272306091843234e+02
5.256827290492262250e+01
-4.520177625315657366e+01
3.954094425770728805e+01
4.769492585728503542e+01
4.603610652583797425e+00
5.821946132343339286e+01
-2.476185902272877826e+01
-1.000440316172978470e+02
4.663758363209827706e+01
4.224708826409304407e+01
-2.318400373840245193e-02
1.408926367463808447e+02
1.642428255556921357e+01
-1.329878214659838420e+02
-1.649185374141934517e+02
-2.279489701239557178e+02
1.843445919006625999e+01
4.153220708561116936e+01
-3.786091656613003664e+01
