-4.394455286126189186e+00
-8.493206241149283642e+01
-6.670162123454304925e+00
-3.347067889743761526e+01
-4.363998992667229970e+01
-6.300654011055738124e+01
2.694290392941113055e+01
-1.116754746944963159e+02
6.166205163391206412e+01
2.653960670672213951e+01
-1.626484313230259104e+01
2.201163204440248933e+01
-5.828660502543790756e+01
2.651267008439084449e+01
7.184751763601471453e+01
-1.010176783455239899e+02
-1.981075639777354880e+01
-1.203686761821768698e+02
-1.467535041608302606e+02
-1.389960821372164617e+02
2.264476941245879971e+01
-1.054618848942557747e+02
-8.572695870637292614e+01
-1.914284610622429739e+01
5.903555120586474914e+01
-1.964803416712750916e+01
-3.753723865565933693e+01
-7.836482703953770113e+01
3.870888620508689826e+01
1.670194596836682877e+02
6.708901424846733619e+01
1.016477443878029447e+02
1.378478028072507584e+02
-9.203832822128480018e+01
-3.017844003842138534e+01
-1.241561529779303363e+01
-9.643994625643689744e+01
-4.315662954231367365e+01
-2.301797289254151906e+02
7.848655806422917180e+01
-1.352123976773781919e+02
1.848660931076644687e+01
1.386574180330157446e+01
-7.119937602594445991e+01
1.694116624675578180e+02
-3.347070405706119089e+01
2.230428920692264683e+02
-2.051969694296869875e+02
-1.050507444041433445e+02
-5.882673279307511649e+01
2.029888784029936346e+02
-2.994376668920364182e+01
-6.402210458809670968e+01
-8.532032709238407620e+01
-8.695456313211241905e+00
1.280766160178904443e+02
-9.615969124625355846e+01
5.988882800704789844e+00
9.713247795772264226e+01
5.137102660136222454e+01
-8.369062663566143589e-01
3.185129272440613590e+01
9.563310356661889955e+01
1.407472656136341129e+02
7.900914597162175035e+00
7.674417800790277466e-01
-6.316368486522124215e+01
-1.827900011299406557e+01
5.533710981308285426e+01
-4.229111719088773214e+01
-1.027223957769682272e+02
1.004606427287170476e+02
-6.170950732554211982e+01
-1.798019277783852488e+02
1.746616429886410913e+02
-3.418474328786444971e+01
1.782987614862895809e+00
8.615185779664142274e+01
8.425251669186275194e+01
1.659970072953960880e+02
-7.031782539065295623e+01
7.759682251638533046e+01
7.231094756369495258e+01
1.594953183258899116e+02
-1.757581483132905475e+01
5.033150962730792344e+01
4.516975609517302104e+01
8.458096396188041410e+01
8.203719056968077439e+01
1.253797226139433576e+02
8.149007455836708402e+01
-1.327171179797472291e+02
1.258214585808560599e+02
3.943519547534189229e+01
-7.346304357261855955e+01
-1.875386136957798442e+02
-9.778889766871152744e+00
-7.862459153409949408e+01
7.127684693031338270e+01
-2.044294154074365508e+02
1.402373529862217261e+01
-7.935128940833922684e+01
-5.049560317477671134e+01
-6.040177507414220770e+01
-3.934995938268868798e+01
-1.697412023087072441e+01
1.243862677804929007e+01
1.531332949841741140e+02
1.139204731202402883e+02
-5.271025574119229873e+01
-1.365858515135528961e+01
-9.066664465885001789e+01
-4.570189425195024313e+01
-1.164464656214098426e+01
7.801256277447784271e+01
-1.405482263363308277e+02
1.645345977566742874e+02
-3.138498815270687814e+01
-1.035249674929718680e+02
-4.225505905469060508e+01
-4.364548711646781953e+01
-1.116311499437279195e+02
1.205645822937167821e+02
8.070353459059410284e+01
-1.256892032371334800e+01
-2.275683009673149826e+01
-6.167328145835966069e+01
4.677083223554837588e+01
-1.040472556438629539e+02
-9.751018260392277170e+01
-2.461211283436809172e+00
5.560730943831624273e+01
-8.430132654266350301e+01
-8.910821991804672848e+01
1.367739953367233738e+02
-3.667211579714479086e+01
1.289521911907339131e+02
-7.401462164259243082e+01
-6.418750782827063972e+01
1.627369152245763644e+02
-4.015598760614986418e+01
-5.742174285560037106e+01
-2.555618245300790932e+02
-8.182141164778735742e+01
-3.184905484091182970e+01
-7.696690374629822884e+01
1.780599206896163977e+01
-3.758733042004528357e+01
-7.452782017890426403e+01
5.549033187353167307e+01
1.691297360606997557e+01
-9.425349773532859388e+01
-1.378205192763575724e+02
7.806630541128384948e+01
1.118659849026245610e+02
6.583712916788009295e+01
5.983150253389446505e+01
-5.121317349819209142e+01
-1.104943393108804628e+02
-1.130256032049311443e+01
1.227507133237015609e+02
-1.969599778498717058e+02
1.159449104985577783e+01
8.067598904641799606e+01
1.383515874549944513e+01
1.432262783204399526e+01
4.759052618955649194e+01
-6.751750974839745822e+01
7.933079253983146373e+01
3.216261086669813096e+01
-9.373775312468666243e+01
6.210708262831271043e+01
-1.766514391085088675e+02
-2.018961009218719767e+02
-1.924883271333834784e+02
3.891741155845398481e-01
-5.615246432869859916e+01
1.904554099544403982e+02
-7.078198549489442826e+01
2.790549280741029037e+01
-8.008511331801385325e+01
9.891448104536500807e+01
-2.343046609324767715e+01
4.991988236516080235e+01
5.084299504983262352e+01
2.218357087450576870e+01
-1.455856861341637227e+02
-1.048507383930480188e+02
1.151590742448547644e+02
-1.701145141743628031e+01
-1.008774346371067310e+02
-1.118831595653560385e+01
1.206144485889746676e+02
2.338302344675631161e+01
-7.701690652407553728e+01
-2.877009475202797972e+01
-1.659171888618750756e+01
3.916572671363910985e+01
1.210525912340906807e+01
-1.160896037967691363e+00
3.104829619202877034e+00
1.472351672707828243e+02
1.320371650301398425e+01
3.556674091931530768e+01
-5.283963174989222722e+01
-2.324577193039863943e+01
3.836467127353383688e+01
-8.985124064265488641e+01
4.821421388930786378e+01
-6.642845235010021554e+01
-9.753638035658408967e+01
1.616709724118554163e+02
3.840691566717829630e+01
1.434906514668173827e+02
7.817322329054026397e+01
1.565311556951443208e+02
-8.314337733008312625e+01
1.319327266710310766e+02
2.918114751967618048e+01
1.269514662956010085e+02
-4.780035980758411540e+01
-1.655434944724208606e+02
-3.473158141039355229e+01
1.608839674970434999e+02
-8.164861966815180949e+01
6.006755318883662653e+01
9.224755293051092053e+01
-2.958661822826691079e+01
2.911068024408562849e+01
5.076520359022205753e+01
-2.124965623237104140e+01
9.895147496645606111e+01
7.877271348948781338e+01
1.109976091550124266e+01
6.127870921699901885e+01
-2.956036718621690795e+01
-4.991117752617157066e+01
9.859414907694610974e+01
8.022261746586912068e+01
-3.940726491599925652e+01
7.212248860253632188e+01
8.412613464259590046e+01
-1.787247878894747544e+02
-7.635746428579696499e+01
4.313486889569755789e+00
-1.615510426923430884e+02
6.180537147616950477e+01
-5.334928161411458092e+01
4.628002171234165729e+01
5.579171076683704200e+01
5.597016721053108768e+00
6.802151646795944373e+01
-2.897126017575253698e+01
-1.175006214189173477e+02
5.500471841688138142e+01
4.955631417015871421e+01
1.276392276943018600e-01
1.654723841755440219e+02
1.935553304519834583e+01
-1.557913976733146342e+02
-1.936945894083380608e+02
-2.673017713683875058e+02
2.144057939247106503e+01
4.865448795050719610e+01
-4.421752022946795080e+01
