

gen best mean std best_sol
0 6.345521 -1.835906 5.111413
1 6.298317 0.053381 4.901382
2 6.298317 1.834567 4.120312
3 6.298317 4.0873 1.945273
4 6.298317 4.488356 1.556046
5 7.535461 5.52246 1.426219
6 7.535461 5.902893 1.002396
7 7.535461 6.297658 0.797935
8 12.12426 7.523074 1.870471
9 25.912885 11.452859 7.441465
10 25.912885 14.013121 7.418916
11 25.912885 17.406707 6.118907
12 36.517994 23.375428 5.706229
13 27.33344 20.957734 7.576003
14 31.844184 27.537887 3.128145
15 31.844184 28.333127 2.515702
16 31.667699 24.689605 11.103899
17 37.8254 29.2836 3.44026
18 37.8254 29.2836 3.44026
19 31.667699 24.881266 10.53815
20 31.328347 22.34617 11.529866
21 29.459395 20.5992 10.519021
22 28.661072 22.251339 10.253807
23 28.154288 19.246427 12.394582
24 27.33344 17.178615 12.099892
25 26.580591 18.68009 8.344869
26 25.912885 16.914286 9.676391
27 25.912885 16.958577 8.330344
28 25.512796 16.281995 8.113416
29 28.458751 21.533047 4.829223
30 33.94514 27.609585 3.018928
31 36.002834 30.508946 3.222254
32 37.660849 32.849344 2.967842
33 39.694485 34.9353 2.361585
34 42.253379 36.706169 2.704165
35 42.253379 37.497164 2.463044
36 42.253379 38.712429 2.10049
37 42.253379 39.785206 1.348676
38 54.90722 44.466404 5.583382
39 60.348631 47.792409 6.403644
40 54.90722 47.764396 6.000941
41 56.42273 50.342035 4.093002
42 56.42273 50.342035 4.093002
43 56.42273 50.842288 3.690558
44 61.248074 53.497964 3.804242
45 61.248074 53.497964 3.804242

gen best mean std best_sol
45 61.248074 53.497964 3.804242
46 56.42273 49.120943 10.911108
47 56.237978 46.35692 14.286048
48 54.90722 47.459348 6.856173
49 54.889077 41.016899 18.016337
50 51.815558 38.96919 16.548716
51 51.815558 37.034389 14.555119
52 50.091471 35.810465 12.125863
53 49.962559 36.09761 7.614257
54 47.589415 34.487407 6.245605
55 40.883326 29.797756 11.95031
56 39.218386 30.928141 6.48887
57 34.281076 29.525138 7.838828
58 34.281076 32.340081 1.31776
59 34.169285 31.623758 2.491012
60 34.169285 32.38372 0.831818
61 34.479049 32.723542 0.954863
62 34.493569 33.274941 1.019004
63 34.493569 33.3815 0.942152
64 34.524488 33.625127 0.889765
65 34.655165 34.115525 0.599044
66 34.655165 32.699002 4.482685
67 34.524488 32.624555 5.107742
68 34.493569 33.024 3.48512
69 34.986284 34.393045 0.256608
70 40.354659 35.689324 1.875725
71 40.354659 37.058165 1.882743
72 40.354659 38.555564 1.096423
73 40.682838 39.364263 0.682241
74 42.858022 40.663877 0.962041
75 42.858022 41.164431 0.673327
76 42.858022 41.164431 0.673327
77 42.858022 41.250718 0.626639
78 42.858022 41.273732 0.59951
79 41.314499 40.200832 3.001421
80 41.314389 40.545122 1.762865
81 41.314063 39.451547 4.321418
82 42.005056 41.151999 0.386829
83 42.059707 41.291369 0.434727
84 42.005056 40.73385 2.479303
85 47.376892 42.270796 1.72251
86 47.376892 42.475446 1.63538
87 42.050413 41.208696 2.280963
88 42.151779 42.016566 0.061725
89 47.474919 42.577414 1.633136
90 47.474919 43.07892 2.045621
91 47.474919 43.079156 2.045497
92 47.27369 43.65319 2.042163
93 47.27369 43.65319 2.042163
94 47.46218 45.262833 2.237782
95 47.46218 45.795616 2.034538
96 47.386386 47.274141 0.153833
97 47.378895 46.721521 1.794238
98 47.378248 45.66223 3.537539
99 47.385717 47.324253 0.054917
100 47.484523 47.347527 0.067214
101 47.386386 47.353808 0.039564
102 47.386386 46.255305 3.284871
103 47.386386 47.351399 0.038217
104 47.386386 47.369022 0.009771
105 47.386386 47.369022 0.009771
106 47.459115 47.378839 0.028359
107 47.459115 47.378839 0.028359
108 47.482981 47.390975 0.041375
109 47.482981 47.390975 0.041375
110 47.482981 47.39345 0.040271
111 47.482981 47.405519 0.046697
112 47.482981 47.405847 0.046403
113 47.482981 47.417591 0.049475
114 47.482981 47.432297 0.046404
115 47.482981 47.432297 0.046404
116 47.482981 47.409625 0.066944
117 47.482981 46.874427 1.625228
118 47.482981 46.856314 1.647436
119 47.481418 47.422493 0.043986
120 47.481418 47.422493 0.043986
121 47.481418 47.422558 0.043933
122 47.481418 47.42854 0.06338
123 47.482981 47.448799 0.04133
124 47.482981 47.448799 0.04133
125 47.482981 47.448799 0.04133
126 47.482981 47.448799 0.04133
127 47.482981 47.458394 0.036762
128 47.482981 46.889468 1.69896
129 47.481418 47.428393 0.063725
130 47.481418 47.439204 0.043368
131 47.481418 46.878439 1.668729

gen best mean std best_sol
131 47.481418 46.878439 1.668729
132 47.481418 47.429701 0.043488
133 47.481418 47.429701 0.043488
134 47.481418 47.409663 0.058703
135 47.481418 46.203106 3.63148
136 47.46218 47.406425 0.035949
137 47.481418 47.418404 0.038866
138 47.481418 47.418404 0.038866
139 47.482981 47.427999 0.041679
140 47.482981 47.427999 0.041679
141 47.482981 47.427999 0.041679
142 47.482981 47.427999 0.041679
143 47.482981 47.427999 0.041679
144 47.482981 47.427999 0.041679
145 47.482981 47.427999 0.041679
146 47.482981 47.427999 0.041679
147 47.482981 47.437593 0.042185
148 47.482981 47.437593 0.042185
149 47.482981 47.437593 0.042185