2.088689641399764652e-01
-1.404816517684012389e+00
-1.481126573538456004e-01
8.236959665620222637e-01
-2.168312571095223629e-01
4.470316029804103364e-01
1.315217164369300862e-01
1.693289553806891945e+00
1.829344938550200861e-01
-1.163295731245872044e+00
-2.174055929802628795e-01
1.254869241531589630e+00
7.387619167380400365e-01
1.511626060374951841e+00
1.781605488751410338e+00
-3.123573961156206336e-01
-2.129994747109469344e-01
-6.243863899716286525e-01
1.060869317733201367e+00
6.448170555506488322e-01
1.712260128665247516e-01
7.601341202364968463e-01
-6.410548026735903848e-01
3.929669420892368814e-01
1.436485902658187097e+00
2.251746945923168930e+00
-8.408370212858349291e-01
9.035636203310559722e-01
-1.774585310027690932e-01
-1.894691331259065414e+00
-1.262802089012562856e+00
1.282737365056346168e-01
2.315994780510721163e-01
5.934198190042132559e-01
3.295481744311670735e-01
-5.570064106400005599e-01
-8.558379497605801411e-01
-6.468813164612452482e-01
5.362168008371428485e-01
-1.047038912164659497e-01
6.722116731966103487e-01
2.506164329143323322e-02
6.331858401627756816e-01
5.724982745173365917e-01
5.158445679840366616e-01
6.913218214235122838e-01
3.004118798309216021e-01
-1.076234078841799835e-01
2.712277174538320068e-01
-5.182599386461935742e-01
-3.712665597787380145e-01
-2.431351487933783306e-01
1.565334329497144683e+00
-9.562421048711728933e-01
-1.764590367694940376e+00
5.877548270963048882e-01
-1.243816417046486184e-01
7.079901088555087263e-01
-2.068325634790854295e+00
1.431288926555756014e-01
6.469422541099398849e-01
-1.348342050530633163e+00
-1.166845419479399570e+00
6.998704627858823857e-01
-1.066416041358889899e+00
-4.570715703811827346e-01
5.063357184896782881e-01
-4.149661865953092610e-01
-5.114739181699833326e-01
5.666385901012891413e-01
8.905775865442562278e-01
1.074278892143759823e+00
3.648033402088109167e-02
6.963473424594108785e-01
7.367637267307891591e-01
-1.601890696264834713e+00
-1.394955701441132678e+00
1.162290213508894166e+00
8.632422681856339874e-01
-5.701508598489752888e-01
1.143210622594586612e+00
1.707146623760561255e+00
4.454605889499290150e-01
-1.119763136455052432e+00
2.733932842426850529e-01
-5.269645265571966108e-01
-1.924352641285492771e-01
-7.398985954730509240e-01
1.596121346194184221e-01
-3.307324181301849464e-01
-3.421257417993390226e-01
6.135061601527538322e-01
-2.673547404910011083e-01
1.076970202820589861e+00
-5.759560288424059316e-01
2.047879723056039936e+00
1.885658871914428714e+00
9.656823141321324577e-01
-4.810934254470264904e-01
-6.590040632893841011e-01
2.483883534619173716e-01
-5.722694058273434248e-01
-1.948453861801745582e-02
-2.328634519410069381e-01
-3.748075907827331243e-01
1.580289922848386652e+00
-3.123659383415947621e-01
1.271689524411846905e+00
9.145674527562572820e-01
-1.512821290946004371e+00
9.430928097679647237e-01
-3.315957381043097008e-01
6.158888794693957447e-01
-9.460504480686453277e-02
-6.326650907692257242e-01
2.152573361911533922e-01
3.039092759743170502e-01
-8.523500136166521912e-01
6.165235949620935241e-01
-2.011718418956274790e-01
1.658592042516879417e+00
1.146736105461423766e-01
4.023116105847248658e-01
-2.198223495198432964e+00
7.694632417624790444e-01
9.484540933447689337e-01
9.544206451153733894e-01
-4.790009998639066513e-01
-2.198848677876421132e+00
-7.152724553644900229e-01
-5.474431016646661430e-01
1.158082171340179212e+00
4.610990202657457293e-01
-1.107497460600270545e+00
-1.238869772714524115e-01
-4.598115904593933490e-01
-6.944310238475717711e-02
-2.066231614504314251e+00
-5.381667046038385305e-01
1.604081064131526457e-01
-8.506732830686103419e-01
-4.135777121962406211e-01
-1.480658429813921928e-01
-1.046233686593555090e+00
-6.336605193538269454e-01
-4.744227628702779587e-01
-6.547277666931247131e-01
-6.928551221927520265e-02
-3.492963175861431013e-01
-8.802692915860961254e-01
-6.039112225602778772e-02
-1.488968008606372573e+00
1.616970880852588444e+00
5.351779503968527862e-01
1.500150286015453638e-01
-8.288762248390124654e-01
-6.682034168426111975e-01
-1.217612132952256898e+00
-1.582327317505049624e+00
-4.815066222393662443e-01
1.401247292404232403e-01
-3.467558752159680679e-01
6.928247023368653279e-01
-6.296696526846279340e-01
-7.732363234878016911e-01
1.222130885342626705e+00
-6.817176915082731603e-02
2.489607907441857559e+00
-1.136591690765765383e+00
-1.174767605368027823e+00
2.486944450148993041e-02
-4.502005234414409029e-01
-1.517393129539193808e+00
-3.083377177729571678e-02
-1.408838141980618630e+00
1.068009430150946182e+00
1.170854043054241761e-01
-4.952592353707357953e-01
3.457050966955112214e-02
-3.852910279896824552e-01
-7.688394779880987073e-01
8.535190067352189658e-01
-8.816744825331865876e-01
8.370785966648057741e-01
1.335628591290045852e+00
-2.778094747834872535e+00
1.814550429027373957e-01
-7.063401622607410335e-01
-7.683177328568331355e-01
1.048776249517840764e+00
3.374302926843514849e-01
-1.936424601532061640e+00
3.090824855138193383e-01
1.406004291552801266e+00
2.706831233461712838e+00
6.457161912033049234e-01
1.039560858300666579e+00
1.801038671533123470e+00
5.353698447249732872e-01
-8.135323576572461857e-01
-1.786834142631867905e-01
-6.561047653770637478e-01
-1.088117701875098042e+00
2.017596168378391897e-01
-1.859835815603526399e+00
-4.546780559492128448e-01
9.320234773127753503e-01
-1.704392545992814700e-01
-8.529532500027183772e-01
3.402078508796433920e-01
7.169691711672916412e-01
-9.361916253434181545e-01
7.382836654529262299e-01
8.584984628140797103e-01
-1.634099794746886325e-01
-1.858782134109921991e+00
-3.682642606952969411e-01
-2.558118457011613889e-01
2.005059927084858473e-01
-3.362280628137123695e-02
-3.303654591188005529e-01
-1.290596134702350017e+00
-4.569683140882436767e-01
4.704719948283495601e-01
-1.996497842149206614e-01
5.708138065572783137e-01
2.663436106256172886e-01
1.552399984160897084e-01
-1.325107085306032939e+00
-4.357598285671799299e-01
-8.021289627243934905e-01
5.703337506189799511e-01
-4.651153463334898319e-01
-3.961356059146783348e-01
6.140026892290630922e-01
-8.802682846192368959e-01
-9.073080715689656461e-01
-6.842874756664956148e-01
-3.213427254028190516e-01
8.027246613880122394e-01
6.152599493809580711e-01
1.077546209569689273e+00
-5.974016137537303539e-01
9.522284870960322500e-01
3.135007540463723985e-01
-6.610385528175735104e-01
4.656804851624207764e-01
7.643576469465568346e-01
1.285569052421141389e+00
1.894505829268680053e-01
-1.680339569278468947e-02
-3.099544152862794277e-01
7.056737010560789614e-01
-8.491000080553758877e-01
9.028821930474262292e-01
-3.189390616247747556e-02
6.234327358161010357e-01
-1.347605127406927839e+00
-1.415962459082331093e-01
1.578874181104873875e+00
-7.016150652855941416e-01
-1.679724188902056436e+00
-8.209137842218481307e-01
-2.494774133978968633e-01
-8.052381543550342080e-01
