5.035417624206571574e+00
-9.339183250671766245e+00
2.330740234345523021e-01
7.283808696961095563e+00
-8.582885463159654060e-01
4.313565185948633030e+00
-1.843368773911064684e+00
5.613395849198195897e+00
3.442399052440476837e+00
3.108869011991546305e+00
-1.014825411316057524e+00
1.049665123883598383e+01
-1.793134467969026202e+00
9.402810968405419523e-01
6.219958855254760444e+00
5.245283870286611361e+00
2.816283329165014671e+00
7.239426276947928507e+00
2.635039211499552447e+00
8.610918712580840406e+00
-2.332237670655817219e+00
7.995692392015314454e+00
-3.520749816717942515e+00
2.580466773651529433e+00
-4.187287929827280264e-01
3.383822719533793766e+00
-4.291228574441254828e+00
-2.552139198776106177e+00
-2.925299269807056790e-01
-6.736117355148755870e+00
1.183603939943349337e+00
2.025721720465984976e+00
2.587660018964144548e+00
1.989485270795253724e+00
1.123248719615809188e-01
-1.613302785077359580e+00
-3.560404170863742834e+00
-5.057969361299085698e+00
-4.105996502214091515e-01
2.826309281663917261e+00
-8.038267985873076560e-02
-3.417345216936803709e+00
2.477332785766355627e+00
1.011674066054784049e-01
-4.487935685376754691e+00
3.215427281897328626e+00
5.720875324952393592e-01
5.293465706064202969e+00
3.040376939598496087e+00
2.290266230559798721e+00
2.947819279668324466e+00
1.947084230729468013e+00
1.048795853764676522e+01
-6.315289718315597156e+00
8.480831605827452435e-01
2.662447787614129702e+00
-5.676455310035023460e-01
9.127081270597771079e-01
3.671495116510663514e-01
8.128443162885917062e+00
9.902380828056704942e-01
-6.791403153025487249e+00
-1.131310775023212223e+01
-8.438620010141371086e-01
-2.174880607810538269e+00
1.885756490877418479e+00
-3.998541341821804984e+00
1.192332559126519032e+00
7.595663812847668339e-01
6.311133954422508019e+00
7.073313153686640042e+00
-2.414375901348430720e+00
1.536872364010501979e+00
-8.527871198132038089e+00
1.752540155257760635e+00
8.266507940384295594e-01
-3.898923886800475191e+00
5.711121475155071181e+00
6.946932396427113465e-01
-1.286220814469808627e+00
2.334859384762903112e+00
4.355151729311269371e+00
1.584645527044256319e+01
-5.848632356129539467e+00
-1.712035428092088418e+00
3.370666538773045673e+00
-3.359166601416179176e-01
1.671901405209286207e-01
-4.101810024091899209e-01
-1.053502349432419649e+01
1.988928242582445050e-01
1.039739953366745517e+00
2.443851716079001313e-01
5.580641781978808780e+00
-7.721955051242568757e+00
2.441474969771229020e+00
3.565825300553824739e+00
1.081293011867608289e+00
-6.202531447209760351e+00
-5.263465954731418872e-01
2.929954695148257127e+00
-5.998819094907491767e+00
1.361294094369485785e+00
-3.609453542929300429e+00
-8.548868199468135920e-01
1.276266219929190271e+01
-7.417656704062210338e+00
2.421426719726832211e+00
-1.715040295718734953e+00
-1.341054701270276706e-01
4.196006454140215780e+00
2.305341097809349371e+00
3.440603499093510376e+00
7.168345405466831632e-01
-1.041851795594117647e+01
-4.293051184339899073e+00
1.462982773366576561e+00
3.979674587337658220e-01
-6.308008260714446092e-01
2.047444033455640522e+00
6.271706744367513409e+00
6.010621720337336882e-01
-4.644442054969322164e+00
-8.384370128970839886e+00
1.471716094530733798e+01
1.172522140842042226e+01
5.123811473996347843e+00
-3.879308736869989005e+00
-1.268481453317210139e+01
-6.723465325515563862e+00
-4.867041513930913332e+00
6.586860739658661146e+00
-1.326621123521501300e+00
-1.005666793962940453e+01
7.386994425359526772e+00
1.885395899821732169e+00
2.598116389460161990e+00
-1.686527667901140504e+00
-2.401236448934673362e+00
-2.369125114400713716e+00
1.369906138432652076e+00
8.229269390112751159e-01
-4.021720354898302929e+00
-2.876944217507692692e+00
-2.596876443030385673e+00
-2.116300041556479217e-01
5.879769220599909474e+00
-2.903182020391130713e+00
-2.815608401394075422e+00
-2.247486216027326567e+00
-3.030937640567411773e+00
-1.321562637374428384e+01
1.535832203491437564e+00
3.037714700263777878e+00
5.925260740664366033e+00
3.360131677030581798e+00
-3.838075884135879523e+00
-1.345658400695605295e+01
3.938455264722248828e+00
8.872424855801180898e-02
-2.570795638688028628e+00
-6.263393001267026250e+00
5.937133331906725431e+00
8.240590026597828910e+00
1.039225651659819283e+00
6.092916204686503079e+00
-2.835496149414924449e+00
8.773443106723162188e+00
-7.821175671208425939e+00
-2.932642468553880555e+00
9.437577127124000542e-01
1.013038958673868395e+00
1.483043295046282406e+00
2.117007172122324921e+00
-2.782400621425944465e+00
4.874156567073470114e+00
-7.071567591539371200e+00
1.666348030354880105e+00
-6.627266025825876428e-01
-3.874840355664048719e+00
-4.280906997439441142e+00
-3.955159777402244892e+00
-1.938903836480276865e-01
1.240775747242546689e+00
8.548313044713554021e+00
-7.187889130376794888e+00
-8.514109880483799131e+00
-3.515066869628498569e+00
7.340396180316433039e+00
5.368598413185990736e+00
2.936726766640778585e+00
-3.691605698959377957e+00
-2.174718481748044496e+00
9.014341996628051135e+00
1.341698806286548340e+01
-3.666081119224747553e+00
1.369950644140701890e+00
1.134510444018191855e+01
-5.722283945239856173e+00
-2.620003035725834817e+00
2.201704555016172904e-01
2.211933020682318229e+00
8.760865330068043910e-01
-1.995245811239418687e+00
-9.600991261749626915e+00
-3.604640578524807459e+00
4.924382286457736235e+00
-3.420806425969504794e+00
-1.426211228998097491e+00
6.969556759374972987e-01
2.835220025968573143e+00
-3.854788478443645250e+00
4.239418029683827527e+00
6.190341998652186817e+00
2.207000713497450750e+00
-8.985049601393026109e+00
-3.728524629545209024e+00
-1.234684099995548845e-01
-2.796878444108506834e+00
-1.218940746675638787e+00
2.434545084194339903e+00
-5.723589890564941385e+00
4.139337628278402903e+00
8.367397069183338587e+00
-9.558296542889442193e+00
1.465711730618987074e+00
4.426045885473328667e-01
1.050095596137053056e+00
2.932789172760260854e+00
-2.201646602198700009e+00
-2.583662099127485678e+00
3.416665928783113593e+00
1.608378812774346578e+00
8.684439604468596752e-01
3.448635245280401218e+00
6.866353102408902842e+00
2.288221280046454975e+00
-3.790226783817955969e+00
-8.584518962441692325e-02
5.156081629264330779e+00
1.871185781658169622e+00
3.539509198585324867e+00
1.883104229863332701e+00
5.518176106832672012e+00
-2.443341038655058028e+00
8.839932902323885955e-01
1.265613611596122290e+00
1.097589751258227775e-01
1.082171744005783154e+01
-1.796800869436753212e-01
-5.743240661387303270e+00
-2.683358067847549933e-01
2.594281609554031753e+00
-2.588149483372720994e+00
7.807682738173756798e-01
-3.406417940728997173e+00
9.629610633456945123e+00
-3.206076717832464507e+00
6.694799209663027106e+00
1.043053223534872664e+01
-4.039607770165659417e+00
-4.630206536522632810e+00
-7.371683845137521729e+00
-6.479501791896788987e+00
1.682798634457877140e+00
