

gen best mean std best_sol
0 4.492981 -6.21804 4.53948
1 19.252888 -1.405984 8.005196
2 17.79932 0.36272 7.600166
3 17.768312 6.552889 6.456234
4 41.67509 12.58392 11.108475
5 41.675069 21.521369 11.047508
6 41.675036 23.945791 11.326549
7 41.675248 27.0601 9.672268
8 41.676277 36.973862 1.75612
9 50.596875 38.455494 4.394549
10 50.58818 38.460212 4.389225
11 50.574517 39.573426 5.025204
12 47.289832 36.591785 9.861463
13 47.084063 35.222154 9.914844
14 64.389307 43.75248 10.818791
15 64.355889 50.203575 10.348732
16 64.394419 59.581431 5.513462
17 65.885022 61.541914 3.797186
18 65.88234 62.437864 3.653761
19 69.915684 65.722498 1.713538
20 69.902963 65.989266 1.680476
21 69.928378 65.991808 1.686402
22 67.005999 56.973543 25.76439
23 66.9395 60.748915 14.432593
24 67.000686 64.69485 2.785865
25 66.989935 65.100594 1.719437
26 66.973499 65.098951 1.717637
27 66.9395 65.095551 1.713953
28 66.921009 60.947368 11.937603
29 66.785397 55.583405 19.402154
30 65.88234 53.046735 17.575806
31 65.875946 49.536708 18.588371
32 64.394419 51.042956 13.118876
33 64.386925 43.858123 21.091355
34 64.381775 39.452954 20.80405
35 64.355889 36.894324 18.594864
36 61.032306 32.431914 16.666926
37 57.699084 32.542794 15.947724
38 57.897769 40.36868 9.420188
39 69.810411 48.806013 9.772113
40 69.802776 52.568792 7.924887
41 57.897769 48.330109 10.292685
42 55.882306 46.131362 11.454829
43 55.014365 43.693037 18.57921
44 54.962928 44.49315 12.844994
45 55.826585 51.51161 3.78378
46 55.874097 51.516361 3.789221
47 55.831707 52.285244 3.010854
48 55.107383 50.826242 5.3967
49 55.076648 52.024385 2.611934
50 66.343227 53.842946 4.745816
51 66.806639 55.146913 4.039417
52 64.209165 53.806263 5.233711
53 64.232002 55.287737 3.181356
54 64.234357 55.475916 3.051563
55 64.383842 57.139211 3.798131
56 64.393583 57.62969 3.559517
57 64.409336 58.632291 3.89967
58 64.426934 58.634051 3.902279
59 64.409336 58.725243 3.816993
60 64.403973 58.724707 3.816194
61 64.403973 58.724707 3.816194
62 64.422091 59.651609 3.914428
63 64.393583 55.862358 12.69158
64 64.234357 52.551184 17.735846
65 64.213825 50.252967 19.552153
66 62.416482 51.07164 15.149494
67 79.458173 59.341931 7.07034
68 79.512378 60.391667 6.982742
69 79.499367 62.48201 6.746195
70 79.505917 62.482665 6.747847
71 79.465266 64.717825 7.868409
72 79.525033 65.803207 7.442553
73 79.499367 66.888001 6.795246
74 79.555134 67.175793 6.510052
75 78.482369 59.560869 19.383729
76 67.558422 60.875849 11.964304
77 67.558422 61.916621 8.927531
78 67.54855 64.409047 2.637814
79 67.508492 62.545741 5.148352
80 67.361808 60.052159 7.597174
81 67.009084 56.207487 13.994559
82 64.372244 52.661997 20.306778
83 64.217423 48.032052 22.213621
84 62.416482 52.599588 12.674515
85 61.473187 49.450667 19.007225
86 61.095084 47.161846 16.048461
87 61.088115 42.974313 19.728767
88 55.225349 38.297377 20.675369
89 55.126727 44.961918 12.93747
90 54.646402 39.332481 18.450488
91 54.556329 45.506588 7.723576
92 54.64681 46.134648 7.172816
93 54.630684 46.133035 7.170903
94 54.627376 46.168311 7.12105
95 54.683337 46.174766 7.126537
96 54.552696 46.685447 6.543831
97 54.557418 46.685919 6.544399
98 54.604252 46.690602 6.550044
99 54.536165 46.053929 9.71359
100 54.345063 43.326898 11.093901
101 54.205888 46.711512 6.471411
102 52.413122 48.24749 3.501209
103 54.036444 48.409822 3.721299
104 52.389191 48.760166 1.969416
105 54.036444 49.910634 1.77648
106 52.389191 45.423916 12.747056
107 50.104104 45.954053 6.816022
108 52.442533 46.590622 6.130266
109 54.167969 46.765332 6.309819
110 52.435967 49.286673 1.240434
111 50.094022 48.059929 2.7122
112 50.04238 47.287136 4.346071
113 54.485753 49.299735 1.818815
114 54.794354 49.983209 2.383368
115 54.751418 49.978915 2.37472
116 54.780842 49.981857 2.380642
117 54.836852 50.645433 2.656683
118 54.877523 50.6495 2.66312
119 54.85032 50.684451 2.625956
120 54.751418 50.674561 2.610388
121 54.765989 50.676018 2.612666
122 54.621909 49.246659 3.677165
123 54.485753 48.059082 3.658083
124 50.04238 46.780717 3.41442
125 48.915492 41.154869 16.118638
126 48.905186 40.608686 11.872765
127 48.863826 39.443127 16.162446
128 49.131786 45.016871 5.24367
129 49.215733 46.660405 3.321319
130 60.837335 49.989909 3.621605
131 60.930496 49.999225 3.649509
132 60.944785 50.652032 3.878642
133 74.885391 53.897508 8.00879
134 74.937956 53.902764 8.022569
135 74.947011 53.90367 8.024943
136 74.96639 55.127496 8.045174
137 74.948424 55.125699 8.040744
138 74.949226 55.12578 8.040942
139 60.944785 51.432974 9.743297
140 60.730878 48.78245 13.094047
141 60.906966 53.667367 5.150848
142 60.800896 54.253117 4.854588
143 61.003301 55.481154 4.090595
144 60.809783 56.590342 2.709695
145 60.719297 54.84343 4.504879
146 61.319216 57.34758 2.978617
147 67.359285 58.602388 4.083837
148 67.373591 58.603818 4.086905
149 67.373978 59.215384 3.936841