2.454299580258034741e-01
4.110754338184305468e+00
-1.633594947926463981e+00
3.385685678526686004e+00
1.964592750732924387e+00
1.065616294430250743e+00
1.029818831079608588e+00
4.751175787453459698e+00
2.047779925587836392e+00
3.479661781849162083e-01
4.941538616548114327e+00
1.554504292550573430e+00
2.558345710538762585e+00
-2.906546992929859990e-02
-2.955557068170779456e+00
2.014252899951720632e+00
1.544466478934151565e+00
-3.681347833261893188e-01
-1.899502907053921774e+00
-2.085282808469001381e+00
-1.175711762635872626e+00
1.925223907163137738e-01
1.803094130453740007e+00
6.595824883054494103e-01
2.197996501547146320e+00
5.375255605573250328e-01
2.653543768308374240e+00
-1.029564089294654039e+00
9.110997399047998657e-01
-2.846651886724440583e+00
2.129327210302132678e-01
5.883350698288437874e-02
3.322937906542223985e+00
-7.118201879660862597e-02
1.351538969125301248e+00
-2.725334866847105353e+00
2.249992708575782263e+00
-2.438540103275405269e+00
4.071718325745177225e+00
-3.140882064489487480e+00
1.631024131160506929e+00
-9.139374131726953898e-01
-5.123393974837236797e+00
-2.097283511241520237e+00
-2.821220311616317589e-01
-1.973466295829630957e+00
-1.695464057978819161e+00
-6.517256796951328424e-01
2.675875435722968376e+00
1.396628409985005481e+00
4.400287399403301158e+00
-8.033060502609674636e-01
-3.185778636276247688e+00
2.310459517150988518e+00
3.232300022260097827e-01
-1.368930356179609564e+00
3.872136845786653403e+00
1.896647846476362087e+00
3.233790093739794536e+00
-6.901185067963214737e-01
-2.366331088280768213e+00
1.980781866573348760e+00
1.080133749790699760e+00
6.235080462703884718e-01
-1.232324455651522710e+00
-7.341622921027037840e-01
1.462428840178660483e+00
-4.065595197368542024e+00
3.665732928588679052e+00
-7.846762351579800177e-01
2.654909629605595622e+00
-3.669438468600409120e+00
-3.752832049908247480e+00
1.232683892197062425e+00
1.072665342718928105e+00
4.878195473080142175e-02
-7.082755427148084149e-01
-2.881440362745689932e+00
-2.498532341353355279e-01
-2.808686385039288691e+00
-1.787083630220221098e+00
-4.059255240241029128e+00
2.246540025567276722e+00
-2.851528691283610861e+00
4.301990143321936522e+00
4.557554267456972452e-01
7.599835340758361868e-01
-6.160302305691029989e-01
3.367759696177842876e+00
-2.623732625321935075e-01
-1.123594493300833941e+00
-8.695963833679913879e-01
-2.022147065830620427e+00
3.141913898083700474e+00
-3.500018324849571982e-01
-1.289707460556920537e+00
2.201510094364982351e+00
1.681678881999281616e+00
2.171841128782201036e+00
6.273228907132456511e-01
-2.193677490012625686e+00
9.447047889129439602e-01
-9.822659097600682232e-01
-3.866690957341687440e+00
6.178616941691918107e+00
3.231156254557509544e-01
-2.729241275034726577e+00
-3.661009605646640686e-01
-1.556518863560772736e+00
3.282601836332032619e+00
-3.084362264145990018e-01
-2.281597174375340001e-02
-2.712016930541455428e-01
2.212541126718586826e-02
5.810051024758084992e-01
-1.849275960069093561e+00
9.267455216560022135e-01
-3.189487667558261297e+00
-3.060959651802775294e+00
3.492237352478714030e+00
-2.256367196040084178e+00
-3.465010988675673698e+00
2.503294445881393937e+00
1.409641083525742244e+00
-2.780459284279531040e+00
-1.859204144578820994e+00
3.329016662162568085e+00
-6.032957868321965345e-01
7.896427746749550280e-01
1.939097121572553650e+00
-1.187831086168173345e+00
3.177692779641775322e-01
-2.763686332633489506e+00
2.984726952706586722e+00
1.437554228904226461e+00
-1.802009116661382748e-01
-4.620196755617262063e+00
2.626819654236991486e+00
-1.996467560278815778e+00
-7.891844990205055810e-01
-1.126259139187344438e+00
1.069506172709470349e+00
4.882710214330979959e+00
-2.281699292590396944e+00
2.068951701914348629e+00
8.428526339137435569e-03
-4.032342778529740546e-01
-5.942610328928195074e-01
7.844106363721704833e-02
-2.834424581329750836e+00
4.271302036501766430e+00
-3.933032282365920285e+00
-1.189218098414967173e+00
-1.922013002778366397e+00
-2.882861469550218825e+00
-3.658576402100532476e+00
1.611985832203022495e+00
-4.026768249040650338e-01
1.676820321975310835e+00
-1.967992716051000679e+00
-9.538308219624109796e-01
-6.254616648111432919e-01
1.273955182326198532e+00
-8.414719354413358055e-01
-4.415050087677885871e-01
1.222400475043621038e+00
-1.326541256407795188e+00
-4.167966245316365864e-02
1.962734411735743256e+00
-2.050463409438552098e+00
7.493044549046710134e-01
4.011770888942763902e-01
1.599175436663152539e+00
-3.126216674749542346e+00
3.847027974955052443e+00
-1.477311376977814561e+00
-1.004920317396276408e+00
-2.129064408162059774e+00
-6.044752195988597476e-01
-8.303716941611172242e-01
-2.562418550214428326e+00
7.615040422620541483e-01
-1.925580686205577763e+00
1.610026729280898738e+00
-2.224621481580512761e+00
4.197907189291939289e+00
1.333965625233099195e-01
4.501771175881109421e+00
-1.866683753213122854e+00
7.927894089412251821e-01
2.195541903736291989e+00
-4.746500586084431816e+00
-1.645537951505372104e-02
1.161581446281272634e-01
2.360984772423646127e+00
-4.391874510790365616e-01
-1.259588178681521897e-01
-1.178863649645814360e-01
2.594652943047846438e+00
3.321278024332091849e+00
2.917788336468807309e+00
2.359016375313689018e+00
-1.343849587743424667e+00
7.760677777970015345e-01
-2.219901088005266920e-01
5.386318681813393461e+00
-3.410124091205736008e+00
1.022602328863617904e+00
-1.192017515532954430e+00
-4.675019409796413505e+00
-2.726921640509750944e+00
2.301111541155244744e+00
1.842471113694597595e-01
1.067132676377226641e+00
8.176514943337085395e-01
-2.594819841652464376e+00
-3.422955712821030616e+00
4.299999320613800968e-01
2.329405310862525003e+00
2.328012465301873668e+00
-6.324219349600747053e-01
4.501389210934543250e-01
-2.510211436040258093e+00
-6.500134942721247713e-03
4.258961656641738758e-01
-2.740884306433031270e+00
3.615371817664939424e+00
-2.313557607726750565e+00
2.167389309362301120e+00
-3.532706508737888940e-01
5.195169650945546946e-01
-4.709813324708107984e+00
3.194611907143054541e+00
-7.326206594281999829e-01
5.910037551505442632e-01
-2.793079759208660917e+00
-2.966780082996264500e+00
2.718829978224332589e+00
3.064151567839312751e-01
2.903424492641474952e+00
3.256179841095484750e+00
1.873302197864736840e+00
-1.719753461512534054e+00
-1.161527184870977392e+00
3.707727800605299606e+00
-6.012606070175012807e-01
1.544966423057006377e+00
-1.305033778827513480e+00
-1.222351893460394967e-01
2.106406852514073780e+00
-1.185126531602315181e+00
3.611621212834137840e+00
9.306376509781328910e-01
-3.303897394458615855e-01
3.084216518894139281e+00
-2.143478907655616827e-01
-1.186715907914587920e+00
9.420174551846418609e-01
2.363753071491516256e+00
-8.960964017235432122e-01
-4.521082410788035411e-01
-2.346800443382896617e+00
-1.223067668183059065e-01
2.750122486168733449e+00
-2.789278658696122903e+00
