9.989077711501896939e-01
9.116711270203762041e+00
-5.862716947263477252e+00
7.886745876561315427e+00
4.261141028031627087e+00
-1.174070124459610925e-01
3.946710589648039669e+00
1.021958043336486455e+01
7.534843821395988073e+00
2.736959973775450639e+00
1.310757941098154511e+01
1.099694265824274764e+00
6.198900199667453315e+00
-1.363595040442660666e+00
-5.348366798984987014e+00
3.638951667709532156e+00
4.632512461601503873e+00
-3.042163524510463901e+00
-5.240797573124705622e+00
-7.842069400437704729e+00
-3.706998145107802234e+00
3.425641978461542725e-01
2.464276811399507938e+00
2.155465864572474022e+00
2.419314446176421107e+00
2.529134140578944923e+00
7.110118842384291149e+00
-2.842478959721111753e+00
2.518244035178989648e+00
-7.997032369208331382e+00
1.667852537019084203e+00
1.371975916208098223e+00
1.071215511713975665e+01
1.667397289080158274e+00
2.626036863235188257e+00
-7.471879165544742740e+00
5.901877815045299513e+00
-3.818574594188852256e+00
9.886865620964231383e+00
-9.042560021661115499e+00
5.172354278707670616e+00
-1.064971640094096283e+00
-1.375521156532149902e+01
-4.360987394403258222e+00
-1.662602920330641165e+00
-6.757598527947083156e+00
-3.597393005129862154e+00
-1.238193748378584980e+00
6.764357916333657350e+00
4.174555472419254620e+00
1.097803253852722705e+01
-1.306809585496694348e-01
-8.060581347428623644e+00
5.490252093408848566e+00
-2.316753866784698079e+00
-2.621894675639862005e+00
8.102461771553800318e+00
6.265707989412037549e+00
6.983320726487233898e+00
-2.568349197020810770e+00
-6.177813238137358276e+00
3.546888623548296593e+00
4.646695729441622902e+00
3.446502723779600874e-01
-2.334771628962002410e+00
-1.574270719535489471e+00
2.819407504551785681e+00
-1.310893135313540014e+01
1.184306465463296121e+01
-4.881797627864150613e+00
5.838025392947241876e+00
-9.415338969931523749e+00
-7.064392245374866874e+00
1.344231678431289101e-01
5.463635982705709715e+00
-1.429689722242101890e+00
-4.940138925534387937e+00
-5.761647338996954026e+00
-1.576656651515147001e+00
-7.090758800717989807e+00
-3.836817090976821554e+00
-8.530556628728390933e+00
4.332773618160057794e+00
-5.604838524689316870e+00
9.976361219976501715e+00
1.469939600832944837e+00
2.475285680632844265e+00
-1.262210944224266607e+00
8.858632815831068541e+00
-7.393102628947729738e-01
-2.421449101549844496e+00
-1.053495284932316034e+00
-4.481114351502299087e+00
8.339559770925326632e+00
-6.384626086290917657e-02
-3.252902967625936892e+00
5.307292433167541290e+00
4.861065707898380772e+00
6.266113285070245453e+00
5.418208626486703317e+00
-3.724899211751523165e+00
3.437081911958284053e+00
-2.352706044840024102e+00
-1.079422045054761092e+01
1.617125607408033261e+01
-2.156170845390113777e-01
-6.424703862560838807e+00
1.137322457790091335e+00
-3.167280879585649522e+00
1.190943379174814787e+01
-1.231485256914383264e+00
-1.191210583500067699e+00
-2.141313963475027782e-02
8.642669714323970576e-01
2.029540463421453556e+00
-2.047313209481633756e+00
8.671949414882162976e-01
-7.909758565195026847e+00
-7.680985005844830127e+00
9.544937600073701844e+00
-6.054071911226794001e+00
-8.335383289343363700e+00
4.434303517896099223e+00
2.109034297382610390e+00
-7.585191050419824776e+00
-5.419147949111967399e+00
7.192511819750309066e+00
-2.962873051122168366e+00
4.262598660181414090e+00
3.862514615733964263e+00
-2.746096841144026079e+00
-1.784883766542433969e+00
-6.798585633086821289e+00
9.354428508197006664e+00
6.632109021345954147e+00
1.244725825676012754e+00
-1.159208168173719500e+01
5.817717409610540180e+00
-3.020067041166285549e+00
-1.101117313342578896e+00
-1.386526208465529209e+00
1.668570656644005057e+00
1.144247962020054921e+01
-6.466523550575293378e+00
6.056549695803426836e+00
-1.430110642914151020e+00
-2.707914076195241382e+00
-3.379085099854064023e+00
1.091066849745834233e+00
-6.554000328377361129e+00
1.264518030729784215e+01
-8.892834178938725742e+00
-4.066750591650713176e+00
-6.210110832502276246e+00
-5.554963163597555820e+00
-8.530165671018222540e+00
5.045251172958715280e+00
1.688493734258253109e+00
3.786221839367530428e+00
-5.521266560097164877e+00
-2.483771820650050088e+00
1.737529555898611466e-01
2.399150932216727039e+00
-1.973477912934275214e+00
4.000457781874329211e-01
2.532819297501037958e+00
-2.934081407724396406e+00
-1.411811214071918563e+00
4.709532186897271266e+00
-2.541168582876094373e+00
3.302597624120671593e+00
2.056994647041143764e+00
3.899007616502592644e+00
-6.043878399351791053e+00
8.931725534638937702e+00
-4.771725001709034686e+00
-2.668207930827446450e+00
-5.820001356397847658e+00
-2.771205090749398359e+00
-1.275489212172328024e+00
-3.233251485661693181e+00
-1.156793223025090578e+00
-4.504231947765775956e+00
2.703783528696875660e+00
-5.078265747060152435e+00
8.234182197306918027e+00
1.186867223130308568e+00
1.029819566163446432e+01
-5.849639200873341771e+00
5.393765949812488358e+00
4.902881264600564393e+00
-1.211959860702323866e+01
-3.109568326710151487e-01
-3.252493343606523979e-01
4.266924863932448631e+00
-1.266014548578459076e+00
1.836933168399819127e+00
-9.935604178531827202e-01
6.593866280906295785e+00
5.007140129228134562e+00
7.821552478867766389e+00
7.799454063457480046e+00
4.790791745830046966e-01
3.131221528124924713e+00
-1.511431723451210685e+00
1.394937464710388753e+01
-1.169931014742618025e+01
9.732944186338258197e-01
-4.797125794219120110e+00
-1.386010916560113237e+01
-5.987117419762729043e+00
1.059159544060728209e+01
4.724645295947533796e-01
2.298656416534214930e+00
1.846799772686225971e+00
-2.668360560885278510e+00
-8.989390426516179033e+00
2.698883630849279180e-01
7.644295591887207308e+00
3.290096773242287664e+00
-4.569040215320296916e+00
2.384019735100189885e-01
-4.444016380987518389e+00
1.513051686340739499e+00
-3.027740166938072686e-02
-5.409308077713525620e+00
1.022227976854868103e+01
-5.741691668144673244e+00
1.155578168105415582e+00
-2.832124840623315709e+00
8.693501308855023924e-01
-1.005726567594812693e+01
6.849579364798110248e+00
-4.462119162706824405e+00
1.307860834895755220e+00
-6.160980590920984490e+00
-5.757089246637804969e+00
6.403334526288842810e+00
-5.300154484807741984e-01
6.920036864765026330e+00
7.333200067608438566e+00
4.658471771349895540e+00
-4.307832809261366691e+00
-3.890680258959610338e+00
8.606932074417342093e+00
5.927689125637292111e-01
4.151114597902579639e+00
-1.484880991432696584e+00
2.603280912891483112e+00
2.821259313412762815e+00
-3.665782998258570569e+00
8.318317446789874836e+00
1.582534754103770425e+00
-7.384387324786383378e-01
7.228078264121204910e+00
-1.532766502605791281e+00
-1.620509687713148850e+00
1.163544164767799982e+00
6.762676664850426178e+00
-2.498115094619618670e+00
7.869276826511900635e-02
-4.726345012854331173e+00
1.778573328803882303e+00
6.839724036019823927e+00
-6.411533457179668716e+00
