

gen best mean std best_sol
0 15.987019 -2.133312 7.388467
1 15.981945 -0.767339 7.218547
2 15.987903 2.889619 8.151875
3 15.98806 7.66561 5.641115
4 30.424065 14.79103 6.80849
5 32.727921 20.106514 8.150672
6 32.657177 21.896098 6.985561
7 32.639362 21.893112 6.980965
8 32.694105 24.899544 6.270487
9 32.701977 24.921897 6.241079
10 32.6822 26.657411 5.742497
11 32.639362 23.430411 10.964217
12 32.627313 23.040109 11.015096
13 32.523286 24.094917 8.38502
14 44.761619 30.309724 6.008976
15 38.649395 29.698502 4.66942
16 36.148743 26.787896 6.778133
17 36.148915 30.577039 4.349032
18 36.148915 31.707717 4.175773
19 36.148915 32.815955 3.710097
20 47.172314 36.331107 4.08836
21 47.175179 38.17819 3.603364
22 42.935185 38.436756 2.983524
23 42.935185 38.437174 2.983202
24 42.920998 40.608749 2.409541
25 52.262734 43.509157 2.954342
26 43.088336 39.634469 9.610812
27 43.073258 42.846694 0.247547
28 43.054474 42.178803 1.942509
29 43.027281 39.155729 9.278471
30 43.019226 36.909924 13.791521
31 42.994953 40.224534 3.077949
32 42.939171 41.71908 1.893023
33 42.926155 42.58938 0.240289
34 47.521107 43.421654 1.411537
35 47.529592 44.628766 1.956442
36 48.960805 45.83172 2.35728
37 61.540748 49.515764 6.252053
38 61.540748 49.515764 6.252053
39 61.520537 51.695266 6.47087
40 61.448879 53.319728 6.227187
41 61.446447 49.327076 10.832153
42 61.328314 49.577077 5.828188
43 59.29194 48.183747 6.191111
44 59.535509 49.593631 4.379518
45 59.211207 49.59644 4.251724
46 73.266816 52.611146 7.798887
47 59.211207 49.965849 3.810544
48 55.231048 47.562099 4.698435
49 49.197228 47.010978 2.425584
50 48.960805 46.48218 2.424004
51 48.951866 44.357719 6.611189
52 55.564911 48.281346 3.350812
53 52.287981 47.524532 2.405451
54 48.951866 42.546339 15.024538
55 52.312969 48.017681 1.821663
56 57.076771 49.25414 2.983907
57 57.057221 49.576487 2.870223
58 57.06695 50.05614 2.888993
59 57.080263 51.49014 3.232794
60 64.402205 54.702768 4.802329
61 64.398486 56.495827 3.792986
62 64.392316 57.511027 3.164303
63 61.197031 53.421393 12.708675
64 60.136624 56.96923 2.239658
65 61.190211 58.155527 1.55127
66 61.164429 58.152949 1.546238
67 61.164429 58.476531 1.616093
68 60.273792 56.623857 4.861651
69 60.136624 56.560577 2.997115
70 60.076274 52.372627 12.346629
71 57.725443 54.363661 5.119658
72 57.197679 53.926034 8.190437
73 57.734546 57.075316 0.329496
74 57.197679 53.774872 9.957943
75 61.341994 57.823259 1.470866
76 60.076548 56.155041 3.933842
77 57.197679 52.769514 12.100309
78 57.717191 56.885855 0.873653
79 57.651756 56.879311 0.867626
80 57.651756 56.879311 0.867626
81 57.814879 57.19129 0.212401
82 62.76251 57.770208 1.676745
83 62.68708 58.173146 1.923289
84 62.766711 58.181213 1.941976
85 62.742475 58.593765 2.095215
86 62.687722 58.58829 2.08441
87 62.727646 58.998642 2.155795
88 62.785661 59.319819 1.978689
89 64.333136 60.03512 2.336463
90 62.785661 56.065218 11.939859
91 61.233274 56.592141 8.492581
92 61.209859 57.90131 3.434915
93 61.230801 59.14358 1.766201
94 61.23054 59.552874 1.716813
95 64.383711 60.682566 1.766684
96 61.23054 58.711392 4.847651
97 61.236316 60.869751 0.760268
98 70.063331 62.987704 3.536585
99 70.058318 59.600697 8.246911
100 61.236316 59.01197 6.647065
101 66.841683 62.351872 2.237601
102 66.841683 63.646858 2.487497
103 66.812422 62.672969 2.915644
104 66.089804 61.981872 2.853261
105 66.800369 63.571173 2.396442
106 66.84068 65.028069 1.972934
107 70.068415 66.554549 1.193081
108 72.972647 67.644912 2.352877
109 70.069488 65.812131 5.34828
110 70.068415 66.957619 1.569689
111 70.061814 66.079032 1.989637
112 70.061814 66.561169 1.188232
113 70.055978 66.561953 1.185969
114 70.068787 66.955564 1.557219
115 70.068787 67.112094 1.500442
116 70.06651 67.111866 1.499994
117 70.064772 67.112031 1.499421
118 70.06651 67.508028 1.688413
119 70.06601 67.507978 1.688338
120 70.070854 67.90574 1.773744
121 70.068802 67.905535 1.773493
122 70.062499 67.047337 2.461866
123 70.048979 65.634699 3.937262
124 70.00752 65.166174 4.983035
125 66.892857 65.917539 1.597907
126 66.877915 65.416984 2.812749
127 66.890883 66.323659 0.351184
128 70.013038 66.717067 1.150541
129 70.013064 66.71707 1.150548
130 70.040966 67.513774 1.674779
131 70.040277 67.513705 1.674676
132 70.084935 68.303968 1.750222
133 70.086315 69.090477 1.460594
134 70.084935 68.216318 2.696234
135 70.100237 69.091869 1.461549
136 70.105425 69.418344 1.274944
137 70.100237 69.017492 1.587698
138 72.979161 69.705717 1.662418
139 72.928314 70.337218 0.864137
140 72.915489 70.338002 0.859533
141 72.915489 70.338002 0.859533
142 72.924004 70.341853 0.860999
143 72.953216 70.888817 1.253939
144 72.799193 70.747162 1.993139
145 72.743908 70.742061 1.983457
146 73.039501 71.94976 1.222915
147 73.065666 72.248228 1.087074
148 73.065666 72.544288 0.83046
149 73.108374 72.845102 0.183457