1.000771316010991008e+00
-9.507571029025584153e+00
-9.968510751087331645e-01
-4.150910332276567694e+00
-5.503338195634867702e+00
-5.560060378947016879e+00
8.231471665142635175e+00
-4.749589744849389561e+00
5.706176068717315530e+00
-4.596003668478696014e+00
-7.231427007934655649e+00
2.219927666599006866e+00
-6.509975538219911151e+00
3.970685554104200765e-01
2.040684636543958153e+00
5.406769299029474674e-01
-2.814807657376607430e+00
2.162131756914841940e+00
3.166694303433161828e+00
4.612654748453362430e+00
-8.412991655661843371e-01
1.559963192856454128e+00
-5.304070429279720500e+00
2.657454173433090538e+00
9.964097006406492651e-01
-5.249756329492278439e+00
1.272535935872650681e-01
2.734617984835756133e+00
-8.543989131060325093e+00
1.773436242813033470e+00
-3.130152356733320040e+00
8.348508113475764381e-01
4.896609870750374682e+00
6.783264627008779080e+00
7.301594272782124584e+00
-1.650079588911248285e+00
8.021878103096037549e+00
-5.706048558805694171e+00
1.364361202711621246e+01
1.255385097202477596e+01
5.645349131810320387e+00
-6.116395212687444349e-01
6.118652622253657469e+00
1.101955416850434188e+00
-3.657405198118944822e-01
-4.025156721280993999e+00
6.231265276014987364e+00
-4.667170597820215150e+00
-2.055562366274251929e+00
6.136235821792876965e-01
3.610958756951390569e+00
2.599461956800722895e+00
-2.183670951119095704e+00
-1.877883791805357916e+00
7.087442472574119190e-01
1.351199562509622254e+00
-1.258359072538618051e+01
2.009297509420981065e+00
-1.051850258955649320e+00
-7.345044704054752849e+00
-4.321497865311160425e+00
4.817885188525355744e+00
-4.405000541421241422e+00
-7.684676172564379737e-01
1.513687214665198733e+00
1.042897564448913572e+00
-2.035956138309996444e+00
-1.275100791614686369e+00
-3.335418557695494002e+00
-9.420725968458020239e-01
-6.187447842336853299e+00
-5.027951184727196932e+00
-6.656554622316086522e+00
-1.991316517101614281e+00
-6.069892303184878379e-01
2.458052272911564806e+00
2.805224235066980043e+00
-1.009334027225056474e+01
-4.770149909662142029e+00
-1.257056802751351121e+00
-7.286492113749139854e+00
-4.326348171488558769e+00
1.070873487536308133e+01
2.660705108266953611e-01
-1.283075965415757747e+00
-7.519352842661039205e+00
4.865193301641212997e+00
6.284061351110683091e+00
-3.343193129359733007e+00
5.246501004892307307e+00
1.327585178283842593e+00
-4.781454661715377696e+00
3.787522171549556838e+00
-1.328981667905956066e+00
-4.276560481168633743e+00
5.508218625611097430e+00
-6.192854009475488031e-01
2.389729354261392658e+00
-7.950004553525127804e+00
3.333785980286511075e-01
-2.418637213502966787e+00
1.074124720247043463e+01
3.230412328214420370e-01
-1.013587775269731317e+00
-9.977481988170481486e+00
1.219366087174762692e+00
-7.032068355196249954e+00
-4.727627630154976890e-01
3.412873857454904680e+00
8.343104966939447920e+00
-2.693862894646830597e+00
1.220353600040890285e+01
1.011802438770362045e+01
-1.029543979629282680e+00
5.248506412884220040e+00
9.571366562743319761e+00
-6.894413012693945575e+00
-6.191643453152861909e+00
8.103255277715369687e+00
2.461664435445456878e+00
-1.195799761948207696e+00
-3.222418644306599411e+00
1.163976290299256888e+01
-1.352247236158321186e+01
7.457273585556964957e-01
6.267621757884789702e+00
-5.917525092630796513e-01
7.700343415009198722e+00
2.183606910230659448e+00
4.122229659519112133e+00
-1.824605353612440251e+00
-3.547262670422126618e+00
-3.113602279941018125e+00
-1.634019473013915924e+00
2.309418359138864396e+00
-4.590653445120722154e+00
2.781753021942222848e+00
-6.746538916958565224e+00
6.947575841453703660e+00
-7.115166098226203273e-01
-7.285606088231416422e+00
-9.770905851249487295e-01
-2.629537620559499800e+00
-2.503857684322126964e+00
5.584813244682502287e+00
-4.980276266819243958e+00
-6.036966051063235028e+00
2.711146297328627330e+00
1.832814680037046173e+00
-3.472570203776992770e+00
7.187447921039037624e+00
-4.672821974504706155e-01
-5.265295345566526342e-01
2.241679338323155246e+00
3.936908919904878346e+00
-2.721032887992264726e+00
1.289126895040094922e+00
-2.618025757904879569e+00
5.723537484170355683e+00
-5.887172760493417201e+00
-9.335777859435685500e+00
-9.182978961932546369e-01
-5.938758199389896575e+00
4.988439963626706941e+00
-4.768001927759273784e+00
2.153888112318048886e+00
2.209814828963923894e+00
-8.202346764484776287e+00
-3.523216529242518824e+00
-4.379960045133441504e+00
-3.942254328711261913e+00
3.197462340166185246e+00
-3.478918301176065597e+00
1.692945941337364202e+00
-8.568379276235660313e+00
-9.162285272181495799e+00
4.245231425304183404e+00
9.240965803711453930e-01
7.249943888028426847e-03
6.277430420223584662e+00
4.472562080616490299e+00
5.011700725523461131e+00
8.649460381040775303e+00
5.720698233836705171e+00
-8.863126300085424347e-01
1.117816921977869171e+01
-2.825363131119352111e+00
2.935112891236363986e+00
-3.583032307884896017e+00
-1.947508097005522743e+00
-7.880703242640537454e+00
-8.918176886050643848e-01
8.013442785421936998e-01
7.416336669011760918e+00
-2.801736535105021630e+00
3.151206835874514223e+00
9.743875533466562544e+00
3.308667097898427389e+00
3.278174924731346862e-01
-1.926573968247231594e+00
5.859681186615459225e+00
5.148317805337482511e+00
4.893660442192757087e-01
-7.018387231109906033e-01
-6.578263010569525449e+00
6.309534612343301596e+00
9.012774565255369907e+00
5.205477431396916543e+00
-7.437580360404858482e-01
1.203896915843884585e+00
1.115555390010490200e+00
-5.113996626793896993e+00
5.481909924069380130e-02
1.693683095587260157e+00
9.119141847963798675e-01
1.459885397158755094e+00
-4.635154871215775074e+00
-2.039984731658073258e+00
-5.692467109558524641e+00
4.280741989629254896e+00
3.784708074195544558e+00
4.605436412854903017e-01
-9.528953253138476853e-01
3.129193426817211687e+00
6.192379826179477575e+00
-3.903058945309678229e+00
4.097757513575501775e+00
2.754870040852317459e+00
1.413023935743814852e-01
3.642990308355833484e-01
-4.773991359129720280e+00
3.752552808278058372e+00
2.658774791490975176e+00
-8.938804459305524919e-01
-1.173716172992878448e+00
-7.769841823471448805e+00
3.191839713514180943e+00
6.717319549032279014e+00
1.053355696862410040e+00
3.466219273345299001e+00
8.406267167104675142e-01
3.054170203842073938e+00
-1.338041231162165001e+00
4.790671839130940413e+00
1.575467876847870929e+00
-3.355334961331444710e+00
-6.459177335170280365e+00
3.465781963830203871e+00
-3.114553661788205252e-01
4.069845962891020186e+00
-1.323778094677727224e-01
-1.024024819262019825e+00
1.365753987872593722e+00
-3.913035814694236336e+00
6.944666696248285032e-01
4.431993192772277546e+00
9.055578222050970183e+00
-4.392860674772774310e+00
-2.863072844392579697e+00
-2.221979448028011284e+00
-4.949459447132389389e-01
-5.809806954044699268e+00
6.316454561473797469e+00
-2.616174792466531507e+00
2.057508466736620301e-01
