7.640075576853654349e-01
-6.750530363896938724e+00
-6.852741886452694553e-01
-2.955026433080737203e+00
-4.036955767062476497e+00
-3.953718419895489333e+00
5.874064850147718175e+00
-3.347937901488901247e+00
4.049393471353978313e+00
-3.307261307265834560e+00
-5.139035512102390513e+00
1.545703405577727452e+00
-4.649424346746100944e+00
3.622213007543262364e-01
1.434906640923890864e+00
4.478478186266806604e-01
-1.935903602295023340e+00
1.481359362013533465e+00
2.254996315101926552e+00
3.329774645285887402e+00
-6.992533464158728895e-01
1.110624694736026319e+00
-3.690670286856534421e+00
1.890775797656998547e+00
6.717802121056541953e-01
-3.788876016355010368e+00
5.933006014195511824e-02
1.962723231852556705e+00
-6.036911540980879565e+00
1.155425949737405311e+00
-2.284968815117280450e+00
6.438209985969923776e-01
3.450166895670088607e+00
4.803748917622135295e+00
5.124982824778503421e+00
-1.133375377734930911e+00
5.723600775789401851e+00
-4.053473766514397170e+00
9.673123598277390656e+00
8.846317877976090926e+00
4.023647896764487975e+00
-5.011150417543093205e-01
4.310137455574102106e+00
7.843850856176721731e-01
-2.740795182843514533e-01
-2.897741317768489644e+00
4.478955801561657957e+00
-3.329237681423119710e+00
-1.399974266890232855e+00
4.464902691192675355e-01
2.512597337729397307e+00
1.946658484886056417e+00
-1.558022425642527908e+00
-1.306199480195442408e+00
4.593100330067599879e-01
9.223127134056152698e-01
-8.981973044502559844e+00
1.438682399274239465e+00
-7.495791110106337918e-01
-5.216123282761762958e+00
-3.071789874914084173e+00
3.405350819341527391e+00
-3.169199804407846877e+00
-5.514248163550288240e-01
1.102188653787403938e+00
7.855198915554408856e-01
-1.490959629774539774e+00
-8.656686404987760097e-01
-2.394064963171586236e+00
-8.105588473174711872e-01
-4.401327678919784603e+00
-3.504253224714951820e+00
-4.725570741556973431e+00
-1.350220474899671119e+00
-4.322387035520542931e-01
1.821804604971849706e+00
1.992538518577252393e+00
-7.203763825770021612e+00
-3.406682065459324171e+00
-9.734137241030436094e-01
-5.146232146400333107e+00
-3.077294109332905148e+00
7.641957005556657911e+00
1.902902781267928889e-01
-1.013400426706815738e+00
-5.410825754492068818e+00
3.542034568366467351e+00
4.485704929774727567e+00
-2.354053281979738621e+00
3.709483512301445352e+00
9.106108794652878480e-01
-3.414790014199057477e+00
2.781890136730916119e+00
-9.440293760211609930e-01
-3.072239992484615101e+00
3.988695623647740440e+00
-5.226389920795150301e-01
1.590001759755580224e+00
-5.653028148441757494e+00
2.088579043983813666e-01
-1.578606856562356109e+00
7.626727421317520239e+00
1.615064515317292115e-01
-6.378502746375991350e-01
-7.125269547329181385e+00
9.531945391539582424e-01
-4.959373605046365263e+00
-3.210969000332211110e-01
2.418002650667205877e+00
5.996091992125546888e+00
-1.984501801367525076e+00
8.705926273005447413e+00
7.203672009038660562e+00
-7.282488553240016316e-01
3.772473978258956251e+00
6.793253877709324762e+00
-4.930243394680051239e+00
-4.334510362454164323e+00
5.693880387158904099e+00
1.806429697828145109e+00
-8.464584720620244029e-01
-2.330289047228451871e+00
8.360237583131024053e+00
-9.637144413824653810e+00
6.320816806965379175e-01
4.453787516603740393e+00
-3.760456585779007321e-01
5.408387850417380349e+00
1.534723314578913644e+00
2.926872586963216172e+00
-1.293340931369584723e+00
-2.547165184851203357e+00
-2.218751241652095807e+00
-1.192085858902384832e+00
1.574185805541490124e+00
-3.249872371298128115e+00
2.013745344949197325e+00
-4.827441107980537716e+00
4.957146528180660816e+00
-5.242712720786177893e-01
-5.181518447708279851e+00
-7.402384325306639035e-01
-1.839826759232336961e+00
-1.842056706491491003e+00
3.969907328367297872e+00
-3.483544165045384666e+00
-4.216348014578299441e+00
1.939936094172515446e+00
1.266827472499872709e+00
-2.465894884252929131e+00
5.152563143011680502e+00
-3.126804987499880450e-01
-3.591955117466294478e-01
1.634664387993024715e+00
2.838580271119267806e+00
-1.962870915044330644e+00
9.133738583503576702e-01
-1.886881927041772933e+00
4.108323841182276226e+00
-4.221195716804577280e+00
-6.586718282121321266e+00
-6.364770415677790671e-01
-4.189830368259317872e+00
3.569866118375145447e+00
-3.405300007090964698e+00
1.647246839390279938e+00
1.543477084568031232e+00
-5.890284178637783086e+00
-2.605592903467637722e+00
-3.063044279801125036e+00
-2.810852337351320340e+00
2.269669676773350631e+00
-2.532278140174168524e+00
1.248268765176040018e+00
-6.086553419684967992e+00
-6.516360665115373152e+00
2.965563961072365196e+00
6.728680720754558475e-01
4.688861340347412476e-02
4.554161638446457161e+00
3.255725646844052967e+00
3.623733619064134714e+00
6.092289859694825616e+00
4.137027162244739209e+00
-6.546629869859481587e-01
7.922914502264390535e+00
-1.904395003744151715e+00
2.052270386292961213e+00
-2.718700834784544718e+00
-1.423505624863918184e+00
-5.637485740354925667e+00
-6.084319952197627668e-01
6.107290009591620494e-01
5.287797430637673379e+00
-1.975145331832440343e+00
2.165534370763900540e+00
6.930430568021514581e+00
2.348061575647369725e+00
1.797628917648415592e-01
-1.303834610244885450e+00
4.187080126413254888e+00
3.638591107889478593e+00
3.016762149089272094e-01
-4.943124315985077954e-01
-4.665305623152182335e+00
4.412849729422324785e+00
6.340316048825016537e+00
3.773294058410544771e+00
-4.941393652906129197e-01
9.586102199742965180e-01
7.434801426094275190e-01
-3.725760075912095459e+00
-4.249732566271556544e-02
1.283336187821795704e+00
6.310894151799989471e-01
1.134636549725092092e+00
-3.318373494735118001e+00
-1.486135419497036647e+00
-4.032477662987744793e+00
3.057052996478385687e+00
2.590521221827691623e+00
3.259251984523345858e-01
-6.241461318785539447e-01
2.272410979845274959e+00
4.369820178965373891e+00
-2.832800422774949922e+00
2.839707477876435959e+00
1.914318466460185109e+00
1.793597320600901490e-01
1.946831491918530888e-01
-3.386551425233596202e+00
2.655484347748282126e+00
1.848999765688708052e+00
-6.339578765961628726e-01
-9.190574756779390508e-01
-5.496933187937711907e+00
2.263612097521798372e+00
4.788034707749864616e+00
7.973391885115337363e-01
2.525354879388187257e+00
5.650990095801269320e-01
2.057066375042562179e+00
-9.242030012235283865e-01
3.372280781450434972e+00
1.009441365672697932e+00
-2.390669375524763662e+00
-4.642084518730845488e+00
2.499733513210552260e+00
-2.592390051039348831e-01
2.914424109959830034e+00
-2.846125808471380858e-02
-7.784994751989717798e-01
8.503105634850867123e-01
-2.827788584093986479e+00
4.172441588059226936e-01
3.094756364811981797e+00
6.498340647162216044e+00
-3.124909294385832315e+00
-2.104533806437336008e+00
-1.599930254521039652e+00
-3.882855919459304861e-01
-4.216420152884306383e+00
4.508740892490913588e+00
-1.844075901787614491e+00
1.177348853606268314e-01
