

gen best mean std best_sol
0 2.564303 -5.088026 2.579245
1 6.298317 -3.482595 4.056675
2 6.298317 -2.334849 4.9539
3 6.298317 2.509824 5.095619
4 6.298317 6.298317 0.0
5 6.298317 6.298317 0.0
6 8.22715 6.491201 0.57865
7 8.22715 6.491201 0.57865
8 10.829012 6.944353 1.416826
9 8.22715 5.254361 3.818771
10 6.298733 5.843401 1.365443
11 12.253569 6.990397 1.777694
12 9.286376 6.806227 1.645333
13 18.563541 9.662134 4.557082
14 18.563541 9.662134 4.557082
15 18.563541 9.662134 4.557082
16 18.563541 10.844022 4.29
17 18.563541 11.344631 4.362359
18 14.859484 9.993337 6.491448
19 14.859484 10.594672 2.949129
20 14.858175 9.385192 3.515662
21 12.208174 7.797294 4.93715
22 12.208174 7.896824 3.385955
23 11.746936 6.845899 4.579307
24 9.734434 6.358544 4.112119
25 9.286376 6.009292 3.973631
26 8.470649 5.418697 4.691502
27 7.288505 5.982148 3.893297
28 7.288788 7.288477 0.000152
29 7.288788 7.288533 8.5e-05
30 7.288788 7.288533 8.5e-05
31 11.00652 7.660947 1.115192
32 11.00652 7.660947 1.115192
33 11.00652 8.19224 1.406054
34 9.944968 6.884201 4.327947
35 9.944968 6.791377 4.383569
36 9.325208 6.703588 4.420264
37 9.325208 7.132973 2.281922
38 9.325085 6.512686 4.627256

gen best mean std best_sol
38 9.325085 6.512686 4.627256
39 8.859269 6.293889 3.622238
40 8.816111 6.033534 2.935866
41 8.816111 5.742472 2.400436
42 7.307214 4.908735 2.957959
43 7.294632 4.398218 2.940449
44 7.29433 4.620265 1.804436
45 8.521142 5.291707 1.914681
46 7.29433 5.567368 1.453096
47 7.288788 4.773878 3.63934
48 7.288505 4.513916 3.661271
49 12.502214 7.225548 2.755641
50 12.502214 5.463157 4.748406
51 15.069074 7.728455 3.149062
52 15.069074 7.728455 3.149062
53 16.666765 9.499803 3.820574
54 19.694331 12.741544 3.320372
55 19.694331 13.684824 2.879882
56 16.709687 15.262653 1.686032
57 16.709687 15.333953 1.541544
58 16.709687 15.750485 1.216869
59 16.709687 15.752469 1.211576
60 16.709687 15.752469 1.211576
61 16.709687 15.752469 1.211576
62 16.709687 13.631112 7.441163
63 16.666765 14.419196 3.842961
64 16.649683 12.505337 6.280493
65 16.549823 12.154342 5.388699
66 16.2741 12.576873 3.41903
67 16.022796 10.293777 6.459123
68 15.500351 9.225097 6.146831
69 15.500351 9.088276 5.822046
70 15.069074 8.55186 5.300988
71 13.96236 10.382775 1.467003
72 13.96236 10.383176 1.466807
73 15.944276 11.011369 2.190325
74 13.975366 10.814077 1.790209
75 13.975366 10.814591 1.789879
76 13.96236 10.401991 1.458047
77 14.615881 10.901531 1.895106
78 14.615881 10.911322 1.888937
79 14.615881 11.338023 2.036227
80 14.615881 12.327153 2.181836
81 16.665789 13.507886 2.104943
82 16.681081 14.685295 1.168829
83 16.681081 15.145069 0.972116
84 16.681081 15.210421 0.910419
85 16.681081 15.751629 0.931766
86 16.690509 16.063593 0.775793
87 16.690509 16.063593 0.775793
88 19.944382 16.596443 1.270587
89 16.690509 15.410124 2.517366
90 18.96174 16.498179 1.021434
91 18.96174 16.552154 0.930782
92 21.450165 17.181608 1.635288
93 18.96174 16.217434 1.87712
94 19.463682 17.060158 1.087634
95 19.463682 17.060158 1.087634
96 19.812917 17.400282 1.335282
97 19.463682 14.53197 7.925776
98 19.463682 16.495553 2.230204
99 19.463682 17.064409 1.086984
100 19.463682 17.064409 1.086984
101 19.463682 17.064409 1.086984
102 19.463682 17.064409 1.086984
103 19.463682 17.064409 1.086984
104 19.463682 17.064409 1.086984
105 19.463682 17.064409 1.086984
106 19.463682 17.064409 1.086984
107 24.097658 17.845074 2.336438
108 24.097658 18.025186 2.289585
109 24.097658 18.031386 2.28535
110 29.708217 20.657975 3.957434
111 29.708217 21.710286 3.806269
112 25.660101 19.528106 4.736985
113 25.660101 20.398838 2.998167

gen best mean std best_sol
113 25.660101 20.398838 2.998167
114 25.660101 20.900573 2.726965
115 25.660101 21.199582 2.421742
116 25.660101 21.199582 2.421742
117 28.494441 22.387907 2.961961
118 25.660101 23.576744 1.805551
119 25.660101 23.576744 1.805551
120 25.660101 23.901685 1.654604
121 25.660101 23.901685 1.654604
122 28.626856 24.909955 1.672246
123 27.557181 25.019709 1.972509
124 33.407884 27.763018 2.728287
125 33.407884 28.554188 3.031458
126 33.407884 29.696315 2.765415
127 33.281755 31.262342 1.227668
128 33.217668 31.076029 0.97556
129 32.055132 30.302678 1.738358
130 32.055132 29.707986 2.756365
131 33.452888 30.89178 1.02415
132 33.454207 31.239458 1.225154
133 33.454207 31.277683 1.190991
134 33.454207 31.47762 1.137843
135 33.454207 31.47762 1.137843
136 33.454207 31.47762 1.137843
137 33.454207 31.500394 1.117545
138 33.454207 31.781019 1.204601
139 33.452888 30.871516 2.419152
140 33.404023 30.407498 2.141107
141 33.469133 31.508048 1.103239
142 33.469133 31.508048 1.103239
143 33.469133 31.508048 1.103239
144 33.469133 31.508048 1.103239
145 33.469133 31.508048 1.103239
146 33.469133 31.661751 1.07553
147 33.469133 31.944554 1.134611
148 33.469133 32.342905 1.003587
149 33.469133 32.619189 0.644763

gen best mean std best_sol
149 33.469133 32.619189 0.644763

gen best mean std best_sol
149 33.469133 32.619189 0.644763

gen best mean std best_sol
149 33.469133 32.619189 0.644763

gen best mean std best_sol
149 33.469133 32.619189 0.644763