-2.961152415228911750e+01
9.671047165802718837e+00
6.071480514725715594e+00
-8.100091889189604544e+00
1.322541315840633303e+01
2.421139294187323188e+01
4.260066388764332856e+00
1.765470666134516620e+01
9.927166258433789636e+00
1.251941395290008963e+01
-3.817678382250358027e+01
6.281666933122508567e+00
-4.611274475357076241e+00
-8.551551102729280984e+00
-5.901957781687976912e+00
-3.500315289345489411e+00
4.842220918345008229e-01
5.744891645807547853e+00
9.009630470159267768e-01
1.229674957678789537e+00
-1.456599882157215120e+01
-3.113233417918420187e+01
-1.309739357853542430e+01
2.136056608174120086e+01
5.044516889734397580e+01
1.769335924201978116e+01
-3.581198636751501851e+01
2.809664865781023124e+01
1.061119723664286063e+01
-2.659970087072591838e+01
-1.705552005077942246e+00
5.355748588570396862e+01
-1.731157839418242617e+01
4.128868432967249191e+01
1.270362818373806135e+01
1.535501565421985148e+01
-4.682980398513233666e+01
4.398298940087793341e+01
-1.846895400987317970e+01
-1.341367921750993730e+01
4.737997916104536245e+01
2.461082777333645311e+01
-1.650774796218074414e+01
2.411914008809733545e+01
4.266460106425059706e+01
1.546843657848049070e+01
-4.082645484808204372e+01
6.923105736211044636e+00
-2.351263916842418666e+01
-3.289952537738355431e+01
1.376921396733494518e+01
-4.313062330633772312e+00
1.544298340363088862e+01
1.702185987066513562e+01
-3.344815143605332253e+01
-1.893683680513781997e+00
6.999495050307421806e+00
-1.796356815341763280e+01
1.436689139228290735e+01
5.208151920830197845e+00
2.709978841024068785e+01
7.533957609574818415e-01
-3.992635646397713600e+01
4.779282219160894130e+01
-7.211849651079937473e+01
-3.432149186581128930e+01
3.014895864793238189e+01
-3.158960878131935957e+01
-4.420418410173796531e+01
-6.573231984267235362e+01
-2.719157892541420551e+01
-2.657998096965614820e+01
5.007592157807290079e+01
-2.095464083815412337e+01
5.403744536607091220e+01
-1.848867034630702832e+01
4.454697105649171540e+00
-5.417656823134210597e+00
5.487924699091747982e+01
2.430027064822388727e+00
-6.791634614482060517e-01
-1.104043252215718773e+01
-3.209379897140915539e+00
5.378602854639537156e+01
-1.177921305482093217e+01
3.130466735556395008e+01
4.542775578872905839e+00
2.371234370592561191e+01
2.901048608800279993e+01
-3.336007060870507246e+01
-4.967736814470831774e+01
2.408471419250299661e+01
-1.425348473161844431e+01
-3.887423128020368068e+01
-5.629745738687034873e+01
-3.370245852120468300e+01
-4.639252165926191651e+01
-2.912686480197080208e+00
-3.507354805750124171e+01
4.233217484875294900e+01
-2.531201098657479065e+01
3.091659112201978488e+01
2.147028162612714297e+01
2.544465569481876699e+01
5.591365186608010873e+01
1.559473038792261068e+00
-2.560754534957285777e+00
-5.126607563304209414e+00
2.660575127499276604e+01
-8.230869379318498602e+00
-5.193470191358191812e+01
-9.951711387742287585e+00
-3.545257401832575539e+01
1.764696145412165862e+01
-7.989193232318596571e-01
-1.427334772963087595e+01
4.204440737781710169e+01
-1.664426756657642770e+01
-3.936211330838868605e+01
-2.671479814385510210e+01
3.339519416541771313e-01
9.433027715096974575e+00
-1.394806835475918660e+01
2.409395418927226018e+01
4.090546634122833325e+01
-7.015414139693273654e+00
1.048227681787095733e+01
-3.528827442189866304e+01
-2.403588962103971838e+01
1.708476196126039426e+01
1.723514374975667707e+01
1.779674770233109271e+01
2.294105097925599424e+01
8.685286084998995904e+00
-1.908449985975104957e+00
1.375231656410455194e+01
-6.911712965574587919e+00
-2.122268487209408150e+01
-1.806067688610630029e+01
-5.668188948800067806e+01
-1.972415652731525881e+01
-5.201821993907010722e+01
1.554842450847823798e+01
2.078552718545968503e+01
1.686464226875796157e+01
-2.126159811030487745e+01
-2.825268354329731668e+00
-5.052195904992540676e+01
-1.426835870830173469e+01
3.730032846560323190e+00
1.831046760043151878e+01
-1.376730236434490529e+01
-1.252371132541139742e+00
4.739337657199632758e+01
-1.493214114510325352e+01
5.021173139958072795e+01
-7.548026505623482763e+00
-3.198690755578496692e+01
7.206520058922052385e-01
-3.821756794400750579e+01
5.518200025114578722e+01
-4.211667828797521196e+01
1.992997682618071309e+01
1.122828409744775868e+01
1.763768241838039685e+01
1.214746496388210062e+01
-1.329058439442628270e+01
-1.676375282524330146e+01
-1.787466382504191387e+01
2.590269946933740641e+01
5.458637279290996069e+00
-4.024502117780006216e+01
2.975456285248093735e+01
-2.375718460791604869e+01
4.143652440474577503e+01
2.473798602937065994e+00
1.443329598756197107e+01
6.454622461116453280e+01
-1.671920679035921964e+01
-1.384552296612283229e+01
-3.379010692312545583e+00
-4.139046089831511921e+01
1.602214603584937791e+01
2.885472078195417112e+01
-8.289072605826845574e+00
9.546765063631827530e+00
3.099109390706589551e+01
-2.322237616533401106e+00
-5.077526110776902968e+00
-4.778090593623301174e+01
2.269384483557406185e+01
1.792888687166685813e+01
1.558154954783191037e+01
2.916013576535736007e+00
3.001399332450499458e+01
-1.142947396371512347e+01
-7.417020715505476813e-01
5.721289954645585851e+01
4.448709322755286166e+01
1.268133410889441670e+01
-2.519464082451923215e-01
1.106486471885444089e+01
1.617540784367002971e+01
1.184319215171077389e+01
2.972388746678500482e+01
-5.572683202092626686e+01
1.336158150157691082e+01
1.920573984783279542e+01
1.577058066753168575e+01
-2.488673711595487958e+01
-1.147718817772838823e-01
2.769860359498948554e+01
-5.693100993625902362e+01
3.350773464997244844e+01
2.859871877346500568e+01
-3.435553204173951514e+01
-3.255407033862591959e+01
-1.912261661082353825e+01
-2.677073482719046638e+01
3.436727998346643176e+01
-2.717518211067969958e+01
-3.750966499203571658e+01
3.206587923806716844e+01
-1.326724959363767375e+01
4.371903220040707083e+01
6.762647822391998353e+00
-1.922945977986363530e+01
2.064794021191411844e+01
-2.597561636309266930e+01
-7.689898007975988214e+00
-1.787636414226136239e+01
-3.837881149226251409e+01
-1.442442261720725938e+01
3.319769343289527797e+01
4.675473899450344639e+00
5.222187908545414814e+01
-1.809915072258547042e+01
5.819080777402894000e+01
-1.863622297520548798e+01
3.977479252578731916e+01
5.753954142081934897e+00
3.308010953941204146e+00
3.179756023783251706e+01
1.655321654408745857e+01
2.699912589295404075e+01
1.414138553714064983e+01
2.039456813645357514e+01
2.839192897187350795e+01
1.575141050280286592e+01
-4.410130415625052080e+01
-5.167701133072927888e+01
-2.551046215940564821e+01
-2.980158645954519869e+01
4.623127767422596435e+01
-9.874601442647414018e+00
-6.796519880790711454e+01
4.007672615704927388e+00
-1.544917448756650735e+01
2.186328882336178125e+01
2.142793114838072199e+01
-1.324616795938771929e+01
7.634928071362878654e+00
2.594391557951383476e+01
2.887594567452284267e+01
-8.281376372591140012e+00
