

gen best mean std best_sol
0 15.788402 -1.272189 7.40433
1 15.788402 3.877115 7.109849
2 15.788402 10.131374 4.028829
3 16.777413 12.126017 4.107862
4 16.777413 14.171159 2.229108
5 16.777413 15.391562 1.136969
6 16.777413 15.732518 0.507684
7 16.777413 15.855854 0.30741
8 16.777413 15.950949 0.332217
9 16.777413 15.950949 0.332217
10 16.224566 13.674289 6.557122
11 19.627662 16.235974 1.145708
12 19.627662 16.48783 1.279953
13 19.627662 16.48783 1.279953
14 19.627662 16.565515 1.256112
15 18.26765 15.605817 1.997379
16 16.525942 14.46439 4.451123
17 25.191519 16.870045 2.786598
18 25.191519 16.870045 2.786598
19 25.191519 16.870045 2.786598
20 25.191519 16.870045 2.786598
21 16.525942 14.461543 4.460562
22 16.224566 15.84832 0.188479
23 20.561334 16.329619 1.422718
24 16.224566 13.708231 6.456257
25 16.224566 13.657902 6.447622
26 15.788402 13.319965 6.90928
27 15.751872 13.352954 6.841344
28 15.74909 14.322932 4.277364
29 15.74909 13.895051 5.562118
30 15.74909 13.606684 6.427219
31 15.74909 15.74909 0.0
32 15.74909 13.654184 6.28472
33 15.74909 15.74909 0.0
34 15.788493 15.753973 0.011677
35 17.14704 16.033563 0.556856
36 17.14704 16.033563 0.556856
37 17.14704 13.744913 6.508042
38 15.788493 15.745709 0.028839
39 15.84293 15.763357 0.028935
40 15.84293 15.772202 0.035902
41 17.073711 16.037126 0.519406
42 17.073711 14.605319 3.968885
43 15.84293 14.308717 4.398299
44 20.089864 16.207358 1.294626
45 15.84293 14.314042 4.393145
46 15.83754 15.654026 0.34275
47 15.791799 13.627469 6.406479
48 15.809126 15.774046 0.021883
49 23.240168 18.014799 3.400723
50 23.240168 15.633535 6.240452
51 31.082108 18.910111 4.963966
52 31.082108 18.931011 4.95129
53 23.240168 15.199484 7.690878
54 23.147566 16.659407 2.165654
55 16.11486 15.926926 0.11778
56 16.14351 16.0 0.117726
57 16.208313 16.122736 0.070349
58 23.122216 16.989749 2.05804
59 16.777384 15.381423 3.038801
60 16.777384 13.486114 8.496031
61 16.855566 16.375233 0.281344
62 16.855566 16.375233 0.281344
63 16.777384 16.308174 0.234906
64 23.312958 17.17654 2.070441
65 23.312958 17.402287 1.981094
66 23.312958 17.487899 1.943091
67 23.312958 17.504014 1.937347
68 23.312958 17.509328 1.935527
69 17.046201 16.771234 0.30311
70 16.959549 15.946811 2.750549
71 20.38128 17.232497 1.050846
72 20.387148 17.939169 1.600579
73 20.387148 17.939184 1.600569
74 20.38586 18.293196 1.707237
75 20.38829 18.647009 1.737869
76 20.38829 18.647493 1.737372
77 20.38586 17.420956 3.551806
78 20.38586 16.918642 3.857789
79 23.087661 18.597576 2.14249
80 23.087661 18.597576 2.14249
81 23.087661 18.597576 2.14249
82 23.078899 19.218351 2.429852
83 23.078899 19.218351 2.429852
84 23.078899 18.17579 2.763489
85 20.38586 17.978055 1.57518
86 20.38128 17.644029 1.370329
87 20.380471 15.471383 5.78585
88 17.076074 14.098062 8.643594
89 17.068543 16.951108 0.072137
90 17.067967 14.525113 7.321682
91 22.882136 17.581932 1.768275
92 22.882136 17.585743 1.766823
93 23.078899 18.223983 2.379576
94 23.078899 18.23716 2.372684
95 22.882136 18.005677 1.750699
96 23.078899 18.788565 2.208815
97 22.882136 17.803527 3.920028
98 22.583206 15.879052 7.352158
99 22.583206 18.133424 1.659759
100 18.744519 17.425931 0.981497
101 20.383751 17.913478 1.110299
102 20.383751 17.913548 1.110235
103 20.383751 17.913548 1.110235
104 22.686283 19.055346 2.075631
105 22.686283 19.055346 2.075631
106 23.069895 19.648712 2.280246
107 23.069895 19.648712 2.280246
108 23.069895 19.973431 2.125846
109 23.069895 19.973431 2.125846
110 23.069895 19.973431 2.125846
111 23.069895 19.973431 2.125846
112 23.069847 20.566041 2.079915
113 23.070439 22.18744 1.189645
114 23.070439 21.431886 2.284449
115 23.069895 22.054538 1.899115
116 23.069895 22.005838 1.878682
117 23.069847 20.239817 6.193171
118 23.069847 21.468894 1.879741
119 23.069799 21.430327 1.85082
120 23.07875 22.272062 0.960249
121 23.069799 22.09946 1.753897
122 22.686283 22.051111 1.730914
123 22.686283 22.061222 1.664912
124 22.686283 22.027888 1.730385
125 25.315739 22.924684 0.80986
126 25.315739 23.517602 1.182583
127 25.315739 23.790962 1.248838
128 25.315739 24.064162 1.253681
129 25.315739 23.354219 2.856933
130 25.315739 24.810655 1.002189
131 25.315739 25.312452 0.006574
132 25.315739 25.315739 0.0
133 25.315739 25.315739 0.0
134 25.315739 25.314096 0.00493
135 25.315739 25.315739 0.0
136 25.315739 25.315739 0.0
137 25.315739 25.315739 0.0
138 25.315739 25.315739 0.0
139 25.315739 25.315739 0.0
140 25.315739 22.195871 9.359606
141 25.315739 25.313777 0.004917
142 25.315739 25.315421 0.000955
143 25.315739 22.132551 9.549563
144 25.315739 25.041588 0.822454
145 25.315739 25.315739 0.0
146 25.315739 22.219935 9.287412
147 25.315739 25.315739 0.0
148 25.315739 25.315739 0.0
149 25.315739 25.315739 0.0