6.324156885238574333e-01
-4.265694459757667367e-01
4.502329026119232802e-01
-1.250421581398684645e-01
2.262094903587262840e-01
8.155791739649054239e-02
1.000074808292667344e-01
-3.260497618779321094e-01
1.041331712744441584e-01
1.335738354363518177e+00
1.248308950414075275e-02
6.264472998226178202e-01
4.096560253489006098e-01
1.943457706381632455e-01
-4.732872348746266500e-01
-1.890826411581183253e+00
2.012295361354230205e-01
-8.990775846623093592e-01
1.068569630969780970e+00
-1.242045912763407173e-02
-3.359647327857178123e-01
-9.362043703356197621e-01
-1.506423703725141783e+00
2.304223573999687691e+00
2.638643418227929249e+00
-9.722917289059482826e-01
-2.229208303975803440e-01
7.081103243611247544e-01
-9.962285559730454931e-01
1.415894683866918191e+00
3.999628275345699646e-01
-5.953601386122179262e-01
-8.635527654352263827e-03
-1.633629875662788167e-01
4.576942587498727399e-01
-1.133985826454642298e+00
-2.830400743694946319e-01
-1.858311508784119548e-01
4.362778543835443140e-02
-6.924717062472702800e-01
-1.137780443371089606e-01
1.172701268177556155e+00
7.305263285660952288e-01
3.144513456665436191e-02
9.709729288687942717e-01
-7.031017705110115257e-01
2.429975178758558840e+00
5.516228645754857052e-01
2.675290158435236765e-01
-1.060713407858342894e+00
-9.613985425889505221e-01
1.987083651188754907e-02
8.022462624028549039e-01
1.945617219723445146e+00
8.867101036107323253e-01
-5.078799708621595244e-01
-1.134298665725072208e+00
2.924197327525928647e-01
1.391945466133615028e+00
-2.750357706932579083e-01
-4.883308245809571679e-01
-1.531243777820246565e+00
-9.395044331888336986e-01
1.924127689750234849e+00
-2.805780341951228940e-01
-1.801117055644739340e+00
-1.402631778733886003e-01
7.923858074357239545e-01
-8.230051424920006298e-01
-7.625613316453109247e-01
-3.763305086310154701e-01
-9.772268851936841694e-01
-9.739624705879129651e-02
1.255102069256415764e-01
1.267163737545660973e-01
1.337837263386658870e+00
5.942777999469187611e-01
-3.560404808993877790e-01
-8.341760628696989199e-01
1.129731857404064232e+00
-2.937397271095251172e-01
4.062421357080914786e-01
-7.576807987007639911e-01
-4.312230255497372378e-01
-6.090874979555410684e-02
-1.731784630366088429e+00
1.195469739532833975e+00
-1.075290190022943904e-01
-7.506140875819232727e-01
1.842216060193655247e+00
9.676356707743147267e-02
2.536616797426592296e+00
-1.252692941094364354e+00
-1.064780807444388300e+00
4.166517446831339844e-01
-5.800430652524539710e-01
-3.370868899383032136e-01
8.851251608237959978e-01
-7.593450857145617183e-01
-8.875164162027291415e-01
-7.076078989352058146e-02
9.164042754086633158e-01
5.493864223687833226e-01
1.518854526760991419e+00
-1.089404632095612779e+00
1.152319651015730750e-01
-1.223086686719960348e+00
3.284067468330520989e-01
9.272193608448013880e-01
2.203259273461645740e-01
1.942967302494721826e+00
-1.682778921162832453e-01
3.375448236904287636e-01
-9.952208556328165923e-01
-1.483754234527470794e+00
1.415330243343895233e+00
1.873935595211668192e-01
8.826680248545368812e-01
9.474069262912580003e-01
2.774781664168967099e-01
-5.452335359767874756e-01
1.765967436882585340e-01
1.232207806623769608e-01
1.104044342009391499e+00
8.478374878291544681e-02
-6.339645989089425226e-01
1.478779935963042469e+00
-7.910093637246992104e-01
1.896693840567582612e-01
-8.668365087537279745e-01
-3.858649578662247670e-01
9.361708061512694634e-01
-2.336608088400843108e+00
-7.393424317710538540e-01
-1.356590525458621632e-01
-2.581664276741940656e-01
2.199256272646074262e+00
-7.340149424601575268e-01
6.695226751544526289e-01
3.957311284508278071e-01
1.263274823564434657e+00
7.358598102991310563e-01
2.141383791079352616e-01
-7.866700679466389623e-01
-1.178406903121761440e+00
-4.698713860428417322e-01
-1.489631078668874897e+00
-7.999153353853943882e-01
-1.286863712968318252e+00
1.405968229321667318e+00
9.947969921517217651e-02
-9.071052325886659329e-01
-1.149984056865392679e-01
-7.013404348525850152e-01
-9.204784195019420912e-01
3.197375576374060224e-01
1.084979257032844258e-01
-7.213096360396153983e-01
-7.810651162915582812e-01
-5.787636305794066072e-01
1.823361207658363403e+00
2.355219546598611435e-01
-1.476669353588692779e+00
-2.017405751485578769e+00
1.056035559729599838e+00
2.354807289189257968e-01
1.997222384712101118e+00
-1.527691113085037466e+00
8.019543091638474674e-01
-2.026064040256359000e-02
7.540989720876889457e-02
6.440057382173890455e-01
1.313473445135097256e-02
7.117728785552663862e-01
3.798206743353787496e-01
1.663955262364836818e-01
3.363200883685777548e-02
9.056808459918848087e-01
-3.378133136802274339e-01
2.704364747140750730e-02
5.820310800926553618e-01
1.304617360057090503e+00
1.749450395414122589e-02
1.588346610089947486e+00
9.788336006573543635e-01
1.350785199882635457e+00
1.122736128371169678e-01
-2.608942513492124693e+00
1.338577116252263055e-01
1.648698626020305702e-01
1.336764629635622592e+00
4.767528850243389904e-01
7.456877659052443263e-01
4.778746376296579834e-01
-3.702746686084584793e-01
-1.704371662205890203e-01
-1.767407830243202360e+00
-7.584662064631653156e-01
1.731991461572424673e-01
-2.729887427936246169e-01
-1.662979739663319467e+00
-1.133481670397146895e-02
-3.527624780790232228e-01
6.073010342749270152e-02
-1.639264122241508526e+00
1.400867514406393399e-01
-2.846869151443619517e-01
1.059372815617120933e+00
-9.007963754371908216e-01
-1.360765629067983706e+00
-4.763769424467118596e-01
-1.498934367727843497e+00
1.220440066139347968e+00
-1.428949700973918935e+00
1.197412860063327145e+00
8.998097364476560500e-01
1.680782530375186656e+00
-3.737766395741743408e-01
1.694307765270256727e+00
-1.419574729561433379e+00
-1.237483533495130905e-01
1.329938615640378963e+00
5.317576486731059315e-01
-1.436465707068107500e-02
1.175254011543683114e-01
9.965072800844720913e-01
-5.225782092544742352e-02
1.584015575879689774e-01
-1.637741938475163916e+00
7.123777163310909266e-01
-6.819940937062693997e-01
9.689349266232902824e-01
8.213235848681286200e-01
3.685179417854214656e-01
1.060273150400222963e+00
-2.023688617201572892e+00
6.612836534560836421e-01
3.051567929185756700e-01
-5.948780108857584237e-01
-2.020350985976724356e+00
6.503420547111602446e-01
9.441438871440314129e-01
-8.476152803915711909e-01
-1.497213300854679074e+00
-8.073318813210104972e-02
2.035881446672292983e-01
-1.574045547710096526e+00
-5.289334499628005615e-01
4.646461480717117842e-01
1.666432863896148309e+00
3.723636500334661648e-01
-9.347514319827356921e-01
1.428490556374544473e+00
4.861992462654546321e-01
-2.739512850913233599e+00
4.615223102416713408e-01
1.587083176964377396e+00
2.453274659748720499e+00
1.817450924415521696e+00
-1.032485145610671617e+00
1.180172394601836094e+00
5.862834154958290744e-01
-3.056057293774541717e-01
-2.517853319315686011e-01
-5.835840320293719241e-01
