4.224231484606918485e+01
-4.609147668920619623e+01
-2.691047163297858091e+01
2.743193707197339748e+01
-1.082054402816804668e+02
-1.754959508234075471e+01
-2.705058113549582188e+01
-2.178611205336147805e+01
-4.832450075971319592e+01
-2.398442747579596102e+01
-3.465640954045002786e+01
-3.725358940239923555e+01
-3.210888137017830957e+01
8.177536429221264314e+01
-2.689779735391348225e+01
2.251160964358389904e+01
-2.912803305719886282e+01
-7.205177489575391725e+00
2.663406565363474954e+01
1.656390293467246977e+01
-4.327893065082835733e+01
-1.173195963853475376e+01
-1.715435755119697481e+00
5.053552128933483090e+01
2.032814273650285486e+01
4.168838635979996354e+01
3.573348775710780956e+01
-9.054379776158259574e+01
-2.006099740140753340e+01
-1.341168771957998196e+01
2.584140615137087238e+01
3.122633623106506562e+01
-8.637747335562393403e+01
6.925046105389657036e+00
3.691996368335832557e+01
2.493276294257233161e+01
4.249442281209588401e+01
-1.405623114044709965e+01
-3.860406406936432688e+01
1.380291431936200119e+01
3.033413904037894326e+01
-2.639898265169536273e+01
-1.117151681289205989e+01
-5.925920250837832981e+01
3.129275356789645102e+01
1.514574882203585204e+01
5.434742335577906402e+01
-2.233619864039333081e+01
-6.919807026701978003e+00
3.138894736158031407e+01
-1.181654177905316772e+01
5.911864677114441236e+01
5.528307321940380348e+01
-4.822695208028277847e+01
2.906045752502559054e+01
2.457339833954461383e+01
-2.231877886429369351e+00
5.734273580381235025e-01
-3.141004477433548914e+01
-3.072869554612501730e+01
5.783669479794138368e+01
1.589050860739916615e+01
-2.927968587675662349e+01
2.818405740686665695e+01
1.352820382433535507e+01
-4.861262760515227654e+00
-1.061177592561478491e+02
6.139388510150684652e+00
1.835055870486804253e+01
4.244880635128711788e+01
-3.816225264742003986e+01
4.528159873294929127e+01
-3.027236944257453377e+00
1.038882382087732559e+01
-2.950700799504394922e+01
-8.681362311298173040e+00
-3.498148256588240201e+01
-5.571250342629576835e+01
-6.842580318215793156e+00
-2.787734719496423708e+01
-2.526901944283019574e+01
-4.592916078416040193e+01
4.831283232246997272e+01
-1.444467544889774580e+01
-4.136585217488579502e+01
-5.527224932773438404e+00
3.899645255244178799e+01
2.977160740587050114e+01
-2.870345993060596967e+01
-2.775954001615207289e+01
4.965976676831498082e+01
5.824613535552300991e-01
-3.031024694221238747e+01
-1.696886694965184716e+01
1.308151419032121332e+01
2.382445478544629580e+01
-5.623857626484903705e+01
-3.464301435024700737e+01
-2.857039141368054302e+01
-6.175056271943319075e+01
-3.596267670585005050e+01
-1.623368955500241029e+01
7.974046510327814019e+01
7.951337266102692070e+01
-1.333066864353054104e-01
2.330321260769229141e+01
1.876300201678794366e+01
6.225414046017846914e+01
2.582252249576720260e+01
8.065633237315005033e+01
5.199510122153184710e+01
-2.016478642431079393e+01
4.014202039843603842e+01
-1.658888771377894500e+01
-1.675322753344310911e+01
6.393605801386502208e+01
2.794611246329191090e+01
-1.075675178836306367e+00
3.557499334968294846e+01
1.643720903230256525e+01
-1.998219493213863274e+00
3.934429750729436392e+01
4.458652502333411149e+01
6.127498763597258424e+00
-3.702742012991929244e+01
3.133706929130482521e+01
-2.410981558559123883e+01
3.967238473355573891e+00
-5.205768057312990038e+01
-1.667611008835983455e+01
1.002485997663882422e+01
1.730076701324941624e+01
1.941192010798653556e+01
6.121982511880404587e+01
-2.265204873654665008e+01
-7.457646398880176264e+01
-2.159761550877063740e+01
2.095844210689455522e+01
-5.384405107404688096e+01
-9.834528047411442486e+00
1.982713675518826690e+01
-7.731449910723303454e+00
4.390590929177687940e+01
-3.495866471655853758e+01
-1.584485981566517765e+01
-1.109720378207977376e+02
-9.103054899624397622e-01
-8.044765860236575250e+00
-6.913301109677691159e+01
-1.937155540318924096e+01
-1.747420450013775195e+01
-5.542249517778930112e+01
3.590176660482689641e+01
4.009679425320921808e+00
2.285306479382346367e+01
-1.415996865586705233e+00
1.513966123225522686e+01
-2.746688774706769820e+01
4.735382646275627394e+01
2.869138334380807720e+01
-1.194097742296746567e+01
-2.448088273465043230e+01
4.049709015631737685e+01
-3.703266095313649231e+01
5.391765712070265693e+01
-1.981525065140446884e+01
-2.974851025405082794e+01
2.361142071068001513e+01
-8.893198514698081425e+00
4.366467072535962224e+00
-5.815795688788976037e+01
-1.682307223517411643e+01
4.100386345686534817e+00
8.944486855890729782e-01
-5.456075577400041965e+01
2.023173226620836829e+01
-8.349310655042535245e+01
-1.798589112603965035e+01
1.744993457469281495e+01
3.480951365263840813e+01
-6.587003395302102327e+00
-2.414168087006543839e+00
3.553978157194510601e+01
-1.831880195841434800e+00
-1.135155267930757272e+00
6.858471724701658445e+01
7.213235388100733303e+01
1.208203557298886111e+01
8.064010462745550001e+01
4.074885515846535355e+01
-7.108026322045439827e-01
-2.598211710587048628e+01
1.516565067507468889e+01
-2.707211844930281330e+00
-6.475432882755380604e+01
1.045873096287232151e+01
-6.403736780804180739e+01
2.091459275114952732e+01
-4.031157660385143515e+01
-3.345415405128277087e+01
-8.516898181159104908e+00
7.579765719180059591e+01
-1.487303725861414527e+01
4.964974298723483770e+01
6.055788605331327545e+01
2.509726338562736814e+01
6.628860137897364169e+00
-3.065929195822408815e+01
-2.665453043792161480e+01
2.995571407160294086e+01
-3.723866156587367726e+01
-3.799274494761478849e+01
5.772472545425011248e+01
3.700098360804468456e+01
2.949790049539980785e+01
4.209467958748196281e+01
6.225857114095403944e+01
8.101785529631404970e+00
3.348652808060184327e+01
-1.810549019846602992e+00
-8.188711449783635743e+00
3.599892411483628152e+00
-5.128316139169145060e+01
5.632613035929882983e+01
1.737590093210689091e+01
-7.918286118626407699e+01
-1.277262320693420605e+00
8.494213974692904401e+00
4.270080115617453487e+01
3.773147742326772658e+01
-1.861025464487075709e+01
-2.400281141597127643e+01
8.832189234589462146e+00
-1.280005658484177467e+01
4.014022822460759699e+01
-3.037823428278471383e+01
-2.756587094864883980e+01
4.693697435177871569e+01
-3.529114741989192794e+01
1.206086402740930730e+01
2.555861642958785751e+01
2.420854800443543908e+01
-2.037844146411446999e+01
1.199769208037243295e+01
5.061527946681963641e+01
-2.158991393257041835e+01
8.712122100120009804e+01
-8.106632658681519388e+01
1.994031585916731331e+01
-1.141456904985400023e+01
-2.587155078015328868e+01
6.439579517777158912e+01
1.040923233504798695e+01
6.119329665347240876e+01
8.978143532445832520e+00
-3.501203066043598255e+01
-2.801722184906293123e+01
-4.744032642069527839e+01
-3.749121211431670986e+01
-9.385769800748397174e+00
3.508844676461858114e+01
-4.322014756746968800e+01
-4.156337738317768427e+00
1.036238014649354966e+01
4.709655691073513673e+00
