

gen best mean std best_sol
0 16.880372 -2.750608 7.793011
1 16.880372 -1.995862 7.200649
2 16.880372 -1.995457 7.200446
3 6.299989 -3.063409 4.693639
4 6.298317 -3.060188 4.691415
5 6.298317 -2.204301 4.901003
6 6.298317 -1.003919 5.346263
7 6.298317 1.273288 5.344263
8 6.298317 3.267238 3.35765
9 6.687578 4.920424 1.950088
10 6.687578 4.920424 1.950088
11 16.778081 7.136799 3.487518
12 29.793315 12.461044 9.169062
13 29.793315 12.501161 9.142851
14 29.793315 14.392506 8.62644
15 29.793315 16.17751 7.726537
16 29.793315 15.167664 8.092779
17 16.778081 13.817846 6.579842
18 16.575817 14.944785 2.96366
19 16.575817 15.917657 0.329218
20 16.575817 14.373573 4.419687
21 16.111229 13.617922 6.647173
22 16.111229 15.82474 0.143561
23 16.111229 14.227965 4.696051
24 19.515293 16.541766 1.49055
25 19.515293 14.045382 6.710325
26 19.515293 16.237753 1.10418
27 19.515293 16.624719 1.175562
28 18.087516 14.520249 6.081785
29 18.087516 16.494122 0.64243
30 24.674143 18.192113 3.244303
31 26.166944 19.197595 3.929589
32 26.166944 20.845631 4.094729
33 26.128496 23.219598 2.965661
34 26.128496 21.180984 6.836613
35 26.128496 23.635672 2.187789
36 26.128496 24.270307 1.849075
37 31.418472 25.651775 2.06474
38 26.128496 23.143975 5.658242
39 29.327952 25.44481 1.496685
40 26.128496 24.838555 0.916309
41 26.128496 23.221707 5.351109
42 26.048895 23.105519 3.521552
43 24.953212 22.227162 7.363045
44 26.953445 25.343023 0.804727
45 26.953445 25.633747 0.77277
46 36.754973 26.841757 3.378477
47 36.754973 26.841757 3.378477
48 36.754973 27.749452 3.79404
49 36.754973 29.11123 3.468055
50 36.754973 29.512532 3.172574
51 33.467009 28.873134 2.120249
52 29.883611 28.349666 2.742424
53 43.188668 30.624904 4.254601
54 43.188668 31.254256 4.109119
55 37.98657 30.998758 3.342195
56 37.98657 32.022992 2.574306
57 34.41418 31.016167 2.83836
58 41.591089 33.024369 3.253769
59 41.591089 33.290015 3.090844
60 41.591089 33.578896 2.887238
61 38.05062 34.04155 2.082383
62 38.05062 33.144441 2.482682
63 36.770685 33.972389 1.528959
64 38.05062 34.709872 1.73993
65 38.05062 35.222979 1.846171
66 46.649082 36.583722 3.759852
67 38.05062 34.749315 2.737518
68 37.90322 33.893777 3.152742
69 36.770685 33.450549 2.459867
70 38.057053 34.585106 1.899607
71 41.71914 36.480879 2.348176
72 41.71914 36.480879 2.348176
73 41.71914 36.480879 2.348176
74 41.71914 36.480879 2.348176
75 41.71914 36.480879 2.348176
76 41.71914 36.480879 2.348176
77 41.71914 36.550454 2.272028
78 41.71914 36.550454 2.272028
79 47.699128 38.161661 3.733639
80 51.787561 39.906897 5.291176
81 47.699128 38.43205 3.766398
82 47.699128 39.348337 3.314645
83 43.415493 40.090908 2.127418
84 43.967237 41.839486 2.053432
85 48.626397 44.228669 2.32022
86 48.626397 44.919395 2.492097
87 48.626397 45.136093 2.291112
88 48.667198 46.182424 2.455173
89 48.666596 47.223318 2.148002
90 48.666596 47.223318 2.148002
91 52.900657 49.017934 2.380565
92 52.900657 49.017934 2.380565
93 52.900657 49.487427 1.706707
94 54.940856 50.752251 2.666347
95 54.940856 51.784362 2.305371
96 54.940856 51.784362 2.305371
97 54.940856 52.679857 1.256315
98 54.940856 53.011307 1.367003
99 54.940856 53.011307 1.367003
100 54.940856 52.680186 1.256041
101 54.940856 50.989651 4.43386
102 52.915169 48.852606 6.62374
103 52.900657 49.783437 4.102943
104 52.900657 49.271828 3.947864
105 51.654105 44.684231 16.885377
106 51.64719 44.812771 16.496113
107 51.637946 45.62493 12.770345
108 51.637021 43.266218 17.020856
109 51.650767 49.616918 2.021125
110 51.666979 51.338533 0.918169
111 52.882569 51.768967 0.371343
112 52.89361 51.898047 0.495096
113 52.89361 51.900477 0.493849
114 52.885573 52.02406 0.563355
115 52.910049 52.399694 0.604666
116 52.910049 52.769241 0.367548
117 54.940856 53.09693 0.614714
118 56.533112 54.193639 1.644059
119 56.533112 55.488247 1.428512
120 56.533112 55.850554 1.163548
121 56.533112 55.361037 1.685893
122 56.533112 55.489025 1.427109
123 56.533112 55.486992 1.430785
124 56.533112 55.850942 1.162566
125 56.533112 55.894409 0.778579
126 56.533112 55.894976 0.777886
127 56.533112 56.21377 0.633492
128 56.533112 56.213148 0.634739
129 56.533112 56.530892 0.003446
130 56.533112 56.168743 1.091711
131 56.533112 56.170871 1.086724
132 56.533112 56.533112 0.0
133 56.533112 56.533112 0.0
134 56.533112 56.533112 0.0
135 56.533112 56.533112 0.0
136 56.533112 56.533112 0.0
137 56.533112 56.533112 0.0
138 56.533112 56.533112 0.0
139 56.533112 56.168358 1.094262
140 56.533112 56.533112 0.0
141 56.533112 55.274071 3.777122
142 56.540881 56.533889 0.002331
143 56.540881 56.533889 0.002331
144 56.540881 56.533889 0.002331
145 56.540881 56.533889 0.002331
146 56.540881 56.533889 0.002331
147 56.540881 56.533889 0.002331
148 56.540881 56.533889 0.002331
149 56.540881 56.533889 0.002331