9.708372788472168224e+00
5.080231153775327524e-01
9.936770886593972563e+00
-6.186020342988583387e+00
-2.774012755859297297e+00
-3.088850247068145372e+00
-1.890876194305300118e+01
4.882061080381126850e+00
6.335601462106379422e+00
-1.556132568929871063e+01
1.543209667998068080e-01
-1.119146031277194586e+00
6.200702782934892632e-01
1.076594370903080033e+01
1.098381100629541862e+01
-2.693255556442748055e+00
-1.354644326184708980e+01
-2.399243697557335686e+00
5.630909313485807033e+00
-8.144725333986190918e+00
7.836847917978244205e+00
2.562007834761945713e+00
8.692650206350014841e+00
1.072082361269873019e+01
-4.983708439101496523e+00
-3.805837038001453898e+00
-9.559588652187253288e+00
4.484639539091489491e-02
1.422303409164283039e+01
-1.321506791239962197e+01
7.776867485676729252e+00
-5.452928057372117721e+00
-1.180972619770780874e+01
-1.169522876352422003e+01
1.318139295174218084e+01
9.520357528422591642e+00
1.183267402635403975e+01
-5.724760415271232361e+00
-1.312950562715523439e+01
-3.427405465792319639e+00
1.429029278171322659e+01
4.943918220230156813e+00
-1.061573430396178352e+01
-1.974611288898861838e+00
-1.072082832771959637e+01
-1.474053498623356084e+01
-1.155522087339019777e+01
4.518831911501442811e+00
-2.770683005620480088e+00
6.180749439049732175e+00
1.331701243076711449e+01
4.546460128588858396e+00
-2.199693533233854748e+00
9.500365103089771779e-01
-9.986247208736772407e+00
7.923783999123958033e+00
-2.945758527029793683e+00
5.650247049252703491e+00
2.752592371847322195e+00
-1.049694089341115699e+01
-8.000800489640214508e+00
7.836706136044757187e+00
-1.424544377060545264e+00
6.349933899700250350e+00
5.189312019185526204e+00
3.679920192142311919e+00
-5.538284409985759105e+00
-1.377510037949388533e+01
-4.472690973833208794e+00
-1.542854168452469033e+00
1.020198985016964421e+01
7.523153873830358940e+00
-1.292851367493157788e+01
8.845394591879562896e+00
-7.619582841816853469e-02
5.037127074393466408e+00
-4.093319755304954732e+00
1.312390086398257605e+00
1.848599356400860927e+00
1.075813687487974946e+01
-2.537054676306599088e+00
-8.127578082267755022e+00
-4.370234210113720152e+00
-2.780908214857300553e+00
4.653675670948165255e+00
1.950576057608761626e+00
-9.964591875852516267e+00
-1.610363144965258186e+01
-1.298513433021607177e+01
8.459228984519988614e+00
6.332370516650662751e+00
2.600781148450450164e+00
-4.758425369965989304e+00
6.438589799294965665e+00
-1.442689789699945990e+00
1.357423374102341596e+00
9.072850896779465657e+00
-3.994227541673753379e+00
-1.924240095129009509e+00
6.103479828661630080e+00
7.355656815197350262e+00
-1.172561876381720936e+00
-6.677024824915720913e+00
1.871055588881430864e+01
-2.206968534545927785e+00
-7.057622927555789794e+00
3.137860812950378886e+00
-3.294868588139781451e+00
-6.335862131850364065e+00
1.361031944739536703e+00
-1.137531124977038743e+01
-2.299828229756908815e+00
-2.417206146346873918e+00
3.471642393633505019e+00
-7.923754883833855622e+00
-3.303541209554807345e+00
4.681188689208872766e+00
5.268844582576466706e+00
-2.633534383930166367e+00
2.711591005946010657e+00
-5.381583078175169454e+00
-1.194970653902339386e+01
6.089548728450051129e+00
3.417049189086206695e+00
-3.998946689519480291e-01
-1.092561521937621904e+00
1.268496238232667439e+00
4.530927372270565634e+00
-6.395449964852780722e-01
-3.108477339207997403e+00
-9.750642593341918296e-01
-2.526583723329690656e+01
-7.618159149991310386e+00
2.594943702360009485e+00
5.685634302564754883e+00
3.136924227107291241e+00
1.031033211244591818e+01
5.658173397120878079e+00
7.614524511926043515e-02
-4.762312841722961210e+00
1.735523229253901789e+01
-2.877828056251806377e+00
1.589100420398155933e+01
-4.118059894629864104e+00
5.471352739043505942e+00
-2.113185957400598891e+00
-8.517960757949288864e-01
9.512584873579182698e+00
-9.196551419247920300e-01
4.226561540695990438e+00
1.052781005052457353e+01
1.080634855249677884e+01
-3.911510051905132013e+00
-1.547894351172210392e+01
-6.755291251457109070e+00
-2.269560831008160662e+01
-3.614771028294438082e+00
5.230639613596482107e+00
1.061115099436659825e+01
-6.169722964428618006e+00
-8.534822335112254521e+00
4.229869237795833570e+00
-7.318107786341223608e+00
8.868772738901919972e-01
-8.508430772507299622e+00
5.106866086457546583e-01
1.967787100988775251e+01
6.194995889129868871e+00
-1.379295870182328443e+01
2.719006357678163965e+01
1.251665424938413596e+00
2.109065995072242128e+00
-4.757121851014103342e+00
-2.119208580990261659e+00
-1.046323361641149496e+01
4.433110699229506402e+00
1.349411579732474609e+00
-1.057968530415103992e+01
-2.298690516076601575e+00
-8.679673039350500607e-01
1.377374151978411287e+00
1.546340589758674078e+01
4.147720589471731500e+00
-4.216518622358024437e+00
5.997983700530616913e-01
6.815659779977399246e+00
1.868191484930259705e+01
-1.834067608463116339e-01
-1.103816945952321493e+00
-1.048962463756550445e+00
-2.824052210781313299e+00
5.633695230832698186e+00
-1.253747061578639865e+01
1.106874252107309431e+01
-1.716362081511115356e+00
-3.172433009676544735e+00
-1.305029966513095108e+00
4.212561041648344329e+00
2.379597565239578216e+00
-2.523768586657923052e+01
3.588840947256849212e+00
1.843533712167615413e+00
1.379169607937731001e+01
4.526018412876799069e+00
2.266469612732301186e+01
1.040369581125412601e+01
1.041509835384436577e+01
-4.405355722051559120e+00
-7.181740705283466752e+00
-3.545877751743916395e+00
2.631479942328942556e+00
-5.030120984612293178e+00
4.652616158591242446e+00
9.436531493727989828e-01
2.963120618644372040e-01
-2.862395653612798352e+00
5.423406160082790528e+00
1.507098135224749225e+00
6.171517420494297745e+00
1.843930488932356004e+00
5.172592832363389626e+00
-5.395732064714501952e+00
-1.919607294637747930e-01
1.251018038111344488e+01
6.420249434634375252e-01
1.107616638566821088e+01
-2.693837273671018995e+00
9.552172316562492327e+00
3.123888268952437208e+00
-1.545790632073432391e+01
-1.246623736484056000e+00
1.989242431092678620e+00
5.572245726461432902e+00
8.868221957764482966e+00
-5.213305612483088325e+00
-6.805248429888528072e+00
1.783118095262815928e+01
4.840010337644991972e-02
3.682191581782849887e+00
-5.640458308589227698e+00
4.491646211929528398e+00
-7.848850669536497904e+00
1.460131097120710875e+00
-8.926599139821227880e+00
1.259836079075980386e+00
-8.544671898006281907e+00
1.671350030193990754e+00
-2.177166685658814327e+00
-6.752290593210458880e+00
8.954485399864225315e+00
4.433025357366571662e+00
5.124192451788828429e+00
-3.619546610523039387e+00
-6.502412172888933917e+00
4.572092765821506255e+00
-9.194652126753487309e+00
8.963320243052586012e-01
-1.043427644161389445e+01
-4.690666214595519357e+00
-8.310282555044038233e+00
2.436594193301798938e+00
-1.318425087385255701e+01
5.560173305311133518e+00
1.072753537064633100e+01
-9.101648183363521272e-02
