5.702573508887847531e+00
2.845298832570996028e-01
6.676182870976434813e+00
-4.146228882289426210e+00
-1.369924210207249970e+00
-2.070136231049074738e+00
-1.143289302266842355e+01
3.328317212832867078e+00
3.851638221733360457e+00
-8.987832336652779475e+00
1.333001469285916007e-01
-8.805498934600138883e-01
4.862367335464777840e-01
7.342670321143390133e+00
6.489960626350649520e+00
-1.280438737106973202e+00
-9.715642656701648505e+00
-1.849873483543963415e+00
4.091726108008607810e+00
-4.789595837098752362e+00
3.354060769505012196e+00
1.140889183402849394e+00
5.049724831059575259e+00
5.982218463472092296e+00
-2.933559337440895032e+00
-1.967716535397433519e+00
-5.845873821662580738e+00
-1.136802999269458242e-01
9.499191813354658009e+00
-6.635360568827193717e+00
4.224900922702882866e+00
-4.107090248132665877e+00
-6.312701921062883414e+00
-7.876176568329521288e+00
8.362038311272049995e+00
5.038362756749972249e+00
7.627597304129007938e+00
-3.220480191518742874e+00
-8.139891323350155972e+00
-2.095577637122256753e+00
7.712261639397080870e+00
2.985752601290142749e+00
-6.218099975249962164e+00
-1.603992060201930858e+00
-6.345047402740098264e+00
-7.891314421687937397e+00
-7.171483946676413979e+00
2.412244109029527461e+00
-1.986201407280396847e+00
3.601136802728960085e+00
7.715230357321822829e+00
2.663893360302544977e+00
-1.432091532500088249e+00
1.668042930035530613e+00
-6.569163165648427949e+00
4.731686612130752145e+00
-1.657807939059563918e+00
3.802932479564265389e+00
2.076475683566124442e+00
-6.306857024344356688e+00
-4.610402448155818789e+00
4.905208420089371302e+00
-4.215293797274165533e-01
3.367069813460938033e+00
3.033718305102095059e+00
1.988982411173429332e+00
-3.038078687880284345e+00
-8.743737598176371861e+00
-2.171739423474328134e+00
-9.315506838449876259e-01
5.910717994303872125e+00
5.650420050892488000e+00
-7.682287270092016840e+00
4.895903273900271913e+00
-1.220170643456556014e+00
3.774564060084567352e+00
-2.089154427377273748e+00
8.865988062501664047e-01
7.964304717742938244e-01
6.552332208968591587e+00
-8.007499075238504460e-01
-4.096092163774768480e+00
-1.448292209555644305e+00
-1.423681883186227903e+00
2.792118799825431541e+00
1.326883166808475512e+00
-6.391097017772741751e+00
-9.350267414623028017e+00
-7.661953689335166295e+00
4.671023674588555608e+00
3.494855583188590575e+00
1.204487868877523349e+00
-3.079795471480973212e+00
3.536859722596351396e+00
-8.783267552478150053e-01
7.112752565897368928e-01
5.768119857632044933e+00
-2.442688435587972329e+00
-1.770612984982349980e+00
4.396572740060691764e+00
4.460336293141526021e+00
-9.923574931330858551e-01
-4.249958304140854182e+00
1.183086986083870507e+01
-1.672725567782003431e+00
-4.372170746926050455e+00
2.511215539175937650e+00
-2.843237338892397492e+00
-3.270563606992187289e+00
5.783393934688517701e-01
-6.130729569962159786e+00
-1.485171291064656618e+00
-2.134825001456622573e+00
2.272620140754302742e+00
-5.109292217215662291e+00
-1.598014468004595123e+00
1.541778768471644412e+00
2.978488874756190619e+00
-1.454974469081976141e+00
9.318974440174234708e-01
-3.177171352268710613e+00
-5.496567934449410942e+00
3.622303631163247495e+00
1.685593419173918583e+00
1.815942193004430050e-01
-1.010394210254318192e+00
-1.749213986228317919e-01
2.290466252891416588e+00
-9.175413567081032173e-01
-2.402315238593203173e+00
-7.388070816700157417e-01
-1.548248734847603814e+01
-4.589916756306457124e+00
1.545183422751226665e+00
3.780835425578999320e+00
2.188664816939125402e+00
7.231339481504006628e+00
3.554420637678799011e+00
2.053530083452505539e-01
-3.184982744162557111e+00
1.053461893372618441e+01
-2.889584960908375244e+00
9.517246874872794749e+00
-2.125532428427498122e+00
3.096901299809840413e+00
-1.199582426459674611e+00
-2.097019222200062205e-01
5.422572177196703258e+00
-8.376032156144409546e-01
2.606981092138979772e+00
5.722016930221768938e+00
7.021671323091510430e+00
-2.095499404336786942e+00
-8.931349503641415666e+00
-5.449357287506351177e+00
-1.352006835270045215e+01
-2.890815203938443378e+00
3.115004116119436173e+00
6.131931587640909953e+00
-3.153116518446847039e+00
-4.667719947002444414e+00
3.361946134669471675e+00
-4.724245524426555320e+00
6.712391835768592996e-01
-5.650907288912382143e+00
4.716325158040692023e-02
1.142521532361597991e+01
4.031401210424482962e+00
-8.231490401678684066e+00
1.624346719770257863e+01
1.228681082907945310e+00
1.500465933983133215e+00
-2.667809808296512486e+00
-9.970015147113522325e-01
-6.176363910960168013e+00
3.572856895570514446e+00
8.081538341145437787e-01
-6.375925360559078214e+00
-5.491831255317084493e-01
-7.293337744163783665e-01
8.307257070657874110e-01
8.550782029470713752e+00
1.818636708361538679e+00
-2.572962827587097046e+00
1.047479036105786465e-01
3.589414450564004433e+00
1.053977811317719748e+01
-2.865542297751997869e-01
-6.121831833774786791e-01
-1.115757474929825577e+00
-2.185036419487949466e+00
3.949546065584827126e+00
-8.065221665966031850e+00
6.750351750170064946e+00
-1.186892346772011164e+00
-2.111813533742680438e+00
-2.856398818463744549e-01
2.150022700990456670e+00
5.869060463311341902e-01
-1.586428302613918540e+01
2.339497349541712623e+00
6.805433175912218857e-01
9.003166901853584037e+00
2.198658697780865534e+00
1.382853759674893368e+01
6.476777100742799220e+00
6.702739725608233279e+00
-2.608074533302195075e+00
-4.049737862119194176e+00
-1.640734326883272143e+00
1.551589183917821746e+00
-2.983653525768982018e+00
2.525915820930662470e+00
3.620623783283208885e-01
8.058347598108643872e-01
-1.493502292011389176e+00
2.318921280636730309e+00
9.238916404503745294e-01
3.382814305937855259e+00
8.100259717009701266e-01
1.863375621648340585e+00
-3.652595521694862235e+00
-1.885488831491704265e-01
7.216652844195343697e+00
9.539216838651508601e-01
7.045101118659676587e+00
-1.785869642865314688e+00
5.908956342477790891e+00
2.232739305247380734e+00
-9.827102555780896864e+00
-4.231145494060714052e-01
1.513759480241545496e+00
3.483021441954027075e+00
5.115197027762748760e+00
-3.320001400508427736e+00
-3.829177897812577225e+00
1.071666711026347230e+01
-6.172073707018904676e-01
2.210930342469813237e+00
-3.361257663480005320e+00
2.646056106530016994e+00
-4.716335127995029630e+00
4.677054513885624543e-01
-5.356497704205782640e+00
6.789790133604529654e-01
-6.040112924777577774e+00
1.249106662132668299e+00
-1.595016984106833791e+00
-3.878114674962057862e+00
5.842047529933247496e+00
2.704874981396126365e+00
2.978977265945645048e+00
-2.690737449841543061e+00
-3.774529050969063881e+00
2.705213274660654754e+00
-5.170070752025480942e+00
1.224914310102358073e+00
-6.689502390135974252e+00
-1.831010513827611597e+00
-5.801004779655471566e+00
1.993212104431205001e+00
-8.147811206756696123e+00
4.104117926566862806e+00
6.662288692495672571e+00
-2.776355652804339269e-01
