

gen best mean std best_sol
0 -5.623801 -6.299935 0.912531
1 1.08893 -4.971454 2.020439
2 1.08893 -4.952859 2.01428
3 1.134978 -4.2408 2.67643
4 4.877644 -2.51808 3.876421
5 4.877644 -1.843952 3.87264
6 7.776365 3.873995 2.837653
7 14.166086 5.260659 3.947662
8 14.166086 5.769177 3.703428
9 14.166086 6.155225 3.289086
10 7.776365 4.431161 4.178496
11 7.776365 4.293254 4.055406
12 6.414954 4.290533 3.584038
13 15.807463 6.709538 3.15155
14 15.807463 7.024846 2.956939
15 15.892957 8.122522 3.867596
16 15.892957 8.122522 3.867596
17 15.892957 8.155725 3.849552
18 15.807463 6.191368 4.471935
19 6.414954 5.080216 3.648735
20 6.299569 4.875732 4.192622
21 6.298317 5.08057 3.577717
22 13.205293 6.975461 2.076788
23 21.298357 8.489019 4.74042
24 21.298357 8.489019 4.74042
25 13.205293 7.06939 2.067925
26 15.916569 8.049309 3.32456
27 15.916569 8.99409 3.972101
28 15.916569 8.99409 3.972101
29 15.916569 9.962586 4.321237
30 15.916569 9.962586 4.321237
31 15.916569 9.962586 4.321237
32 15.916569 9.962586 4.321237
33 15.812661 7.766506 5.993926
34 15.746122 6.352182 5.528435
35 13.205293 4.605516 5.021529
36 7.283007 3.915233 4.138834
37 6.468936 2.729679 4.685616
38 13.113067 4.640335 4.634275
39 15.796572 7.392636 3.876653
40 15.796572 7.582704 3.60832
41 15.796572 7.977981 3.301312
42 15.796572 7.995869 3.291666
43 13.113067 6.557239 4.703118
44 10.904583 5.846549 4.187075
45 10.904583 7.450503 1.693032
46 10.904583 7.465995 1.681671
47 10.904583 7.465995 1.681671
48 10.904583 7.465995 1.681671
49 10.904583 7.500287 1.660878
50 10.957453 7.966201 1.895302
51 10.957453 7.966201 1.895302
52 10.904583 7.469806 1.790594
53 10.051717 7.852441 1.531887
54 10.059057 8.299597 1.456243
55 17.86227 10.561034 3.832146
56 17.86227 10.561034 3.832146
57 17.86227 10.979349 3.629637
58 19.833134 12.259065 4.221436
59 19.833134 12.259065 4.221436
60 19.833134 12.259065 4.221436
61 19.833134 12.972856 3.738657
62 17.86227 11.673797 3.367747
63 21.638779 14.543308 4.440223
64 21.638779 12.000321 7.168027
65 21.638779 14.617895 3.285681
66 21.638779 15.496004 3.56514
67 21.701673 17.339836 3.560624
68 21.701673 18.683543 2.459003
69 21.638779 18.19498 2.24076
70 20.537639 15.028249 8.571086
71 20.536541 17.97571 1.686879
72 20.28118 16.633679 3.490207
73 25.552769 19.652541 2.682416
74 25.552769 20.12003 2.36984
75 25.552769 20.14819 2.34067
76 25.552769 20.64845 2.327427
77 25.552769 20.64845 2.327427
78 25.552769 20.64845 2.327427
79 25.552769 20.929123 2.135861
80 29.57843 23.14929 3.649266
81 29.57843 23.152986 2.603609
82 28.259763 25.380116 2.144813
83 28.259763 25.380116 2.144813
84 34.104471 27.610845 2.740651
85 34.104471 28.523183 2.417878
86 34.104471 28.63595 2.308318
87 34.104471 29.632547 1.925899
88 34.104471 29.84225 1.848703
89 31.524192 28.96925 1.782345
90 34.045011 29.88701 1.796749
91 33.588813 30.758808 1.200231
92 31.524192 30.70398 0.64465
93 34.787041 31.193684 1.332909
94 37.308213 33.379714 1.938944
95 37.308213 33.379714 1.938944
96 47.785855 36.068421 4.175287
97 47.785855 37.9968 3.829363
98 40.830499 37.462266 2.259973
99 39.741859 35.844985 4.372194
100 42.047349 37.652248 2.367801
101 42.047349 38.057249 1.980993
102 39.741859 36.29873 4.209811
103 39.578119 35.182534 5.46037
104 39.274649 34.242569 6.61904
105 37.362243 34.823937 2.924538
106 37.308213 33.788785 3.791549
107 41.972782 36.277346 2.348327
108 37.308213 34.982446 2.419812
109 37.191234 33.527529 6.32042
110 36.976216 30.665666 12.336846
111 36.793504 31.168787 12.773731
112 36.765509 34.225406 2.898337
113 36.765509 34.225406 2.898337
114 36.765509 34.225406 2.898337
115 36.479163 34.468373 1.954674
116 36.293658 32.368932 5.969705
117 36.743412 34.709691 1.475282
118 36.743412 34.709691 1.475282
119 36.743412 35.245337 0.996566
120 36.743412 35.301491 0.914848
121 37.52727 35.651503 1.024864
122 37.52727 35.651503 1.024864
123 36.743412 34.553483 2.789611
124 36.743412 35.183927 1.124218
125 36.743412 35.183927 1.124218
126 36.743412 35.183927 1.124218
127 36.840622 35.582839 0.913883
128 37.23544 35.886474 0.908765
129 37.23544 35.886474 0.908765
130 37.23544 35.886474 0.908765
131 37.23544 35.886474 0.908765
132 37.512626 36.202029 0.869948
133 37.23544 35.263575 2.494634
134 41.56004 36.60677 1.814403
135 39.147397 35.767217 3.916807
136 39.147397 36.77318 1.369773
137 39.147397 36.77318 1.369773
138 39.147397 37.045162 1.167872
139 49.650918 39.298448 4.163831
140 49.650918 39.298448 4.163831
141 44.447281 37.47646 3.080599
142 57.384208 40.071777 6.223469
143 57.384208 40.813158 5.886239
144 44.447281 38.62857 3.256156
145 41.617722 38.543962 1.905259
146 39.366218 37.51608 2.611507
147 42.175871 38.599777 2.000294
148 42.175871 39.285177 1.082873
149 42.175871 39.434183 0.922851