-2.169108450842301750e+01
6.627420734766356958e+00
3.165074777862136202e+00
-1.805113096447967180e+01
3.009057387957368324e+00
-8.170438822460635464e+00
-8.797797355517181117e+00
-3.161430832232244370e+01
-4.323006122257791795e+00
-2.748140961331626642e+01
8.882342704150781643e+00
3.142640229055678969e+00
-1.603526291071784016e+01
8.194410635254101294e+00
-3.527390644971457334e+01
2.094342437122719947e+00
2.567146854270274758e+01
3.355596973750277101e+00
8.047884441601533823e+00
1.226661146095281474e+01
4.180243938953997151e+00
2.043928096722123777e-01
-2.912854316838916446e+01
-2.553948577580462231e+00
-5.586012197631048615e+00
-7.917269884280748293e+00
1.104487421549549708e+01
-6.798105405763661402e+00
6.891310087497404702e+00
-2.202971635723438837e+01
-8.779744028186524218e+00
-8.055852647525750143e+00
-4.821643343972298545e+00
7.391577720874972890e+00
-8.340496841429056118e+00
1.767139613781980856e+01
2.811162290845948775e+01
-1.108435645488352606e+00
-1.712680676757474174e+01
3.553273370972688916e+00
1.228325437959562016e+01
1.300423095745992086e+01
1.892894842003593681e+01
7.686695673298618914e+00
1.034198958925176548e+01
-4.829328939025400586e-02
-1.733327578230109012e+01
-1.402594756395768449e+01
-1.807289706037288557e+00
5.798422461233021963e+00
1.583702962059864028e+01
1.152299495317138955e+01
1.245024727447364032e+00
1.805477550274937215e+01
8.028248246033439228e-01
8.616033050166503671e+00
-1.163955491305931389e+01
4.006397499234264359e+01
5.726603295772427771e+00
1.788606410266572055e+01
1.264798544011115489e+01
6.419250366575983691e+00
1.776933283037406053e+00
-9.634436328132265359e+00
-9.779424889086554273e+00
1.717389511588852713e+01
-2.456480548553173904e+01
9.582695631918090484e+00
2.808675952071171267e+00
2.598035695945321688e+00
1.333527040742184511e+01
-1.779710307021533566e+01
1.600964445748573084e+01
2.254287385993671933e+01
-9.438833858200814220e+00
8.218595835314296494e+00
-9.638165982629688600e+00
1.200110372703437456e+00
-7.120731515549366009e+00
1.598816080249505234e+01
6.079200254102764545e-01
-3.089673809544585814e-01
7.557553323075162588e+00
-8.757825504063415423e+00
1.008855375405610566e+01
2.012220750637128130e+00
1.007363785183414073e+01
-7.600042026082554969e+00
-6.173551952190762471e+00
-2.304593946361872536e-01
1.155633230690126112e+01
-6.355698969558249978e+00
1.687939307131048849e+01
2.113269900708321103e+00
-1.533110765301447387e+01
1.046295119941961671e+00
1.149114973597042777e+01
-2.184501838912599325e+01
7.575407216239175234e+00
8.465378881370789088e+00
-1.560193482948057264e+00
2.417644266842181011e+01
1.025749321265789860e+01
7.295278138098602483e+00
8.560216749703396744e+00
6.287302470434296353e+00
1.158854213218179829e+01
-1.290253570275656436e+01
-2.213667860188935688e+00
1.229005160568818944e+01
-2.710375763148744621e+00
5.086584954756241395e+00
5.141228326136223714e+00
-1.340751367111074455e+00
6.723769682433348827e+00
-1.020304840636323007e+01
7.951211498602344108e+00
-2.042602267893434842e+01
3.409298414477003103e+00
6.910331662783817386e+00
-2.426479163603489297e+01
-6.034422778455681424e+00
4.076279559438574118e+00
-1.249316468355347176e+01
-4.842119197639830119e+00
-1.431987597293132985e+01
-3.578262999328783778e+00
8.310592907538133289e+00
-7.684217534072349309e+00
-2.596456018276990019e+00
-5.082336326520555225e+00
-3.149662439217109977e+00
-3.458434112376308711e+00
5.440451734205479895e+00
-2.382632028667910973e+01
-3.424887190984575369e+01
3.301676803842493957e+00
1.431862941690716262e+01
-1.708797327191127646e+00
1.664599112397608716e+00
1.752261038375607072e+01
-2.894029951445519444e+01
3.136241497346648188e+01
-1.127888748387684359e+01
-4.050697251631016016e+00
-1.859572013086340680e+00
1.522188458502656161e+01
9.576477526757050995e+00
1.935721663875454368e+01
1.373791394467599858e+01
2.002150531192199168e+01
-1.795482574177797996e+00
-2.260161192981383849e+01
2.445116868872571558e+01
1.033039064493906523e+01
1.642699500525050027e+01
-1.496298740344917455e+01
-1.369410923138883440e+01
-1.829839594867926067e+01
2.174149114394728244e+00
-3.531507483043278217e+00
-1.138832929294641261e+01
-1.518974017555618872e+01
-8.659142507131258881e+00
1.588254953678980463e+01
-1.168051394363433459e+01
-1.460666450345471290e+01
5.990421901595643916e+00
-4.795175269286473529e+00
6.266804246665896860e-01
1.294256512969101047e+00
-1.250574621661662533e+01
6.258885411821402123e+00
1.090228789258696374e+00
1.485151694405728584e+01
2.286866292010188317e+00
-2.237491849104140940e+01
3.816165131929476928e+01
2.060532422657548324e+01
-1.730717150530814763e+01
-2.065002068102575450e+01
2.319329760202672475e+01
7.659212974266712770e+00
1.464433226449388847e+01
9.903884564674909186e+00
-2.189693151033714358e+01
1.380502130678402928e+01
-5.053007207021007474e+00
-1.836618806882990562e-02
9.235749164486421137e+00
1.267057408267254459e+01
-1.312370349810480397e+00
3.996312517434438938e+00
1.281906275561546238e+00
1.993707149027104819e+01
3.402786031783100906e+00
-1.567203289652171883e+01
1.461892414925133465e+01
-1.973931087008466889e+01
1.643755659298475535e+01
1.174745921054376696e+00
2.769724057669771966e+01
2.929199446683827901e+01
-1.858014166592549365e+00
1.626267434663215994e+01
-3.513271787382146183e+00
-3.145987766802769059e+01
7.902276159786238985e+00
-3.826991637018191117e+00
8.216982147559242833e+00
-2.092586220995344348e+01
-5.948474369343642820e+00
2.370138777304181232e+01
3.649451784513187302e+00
-4.592937874846513502e+00
4.298986896438539596e+00
-2.019033734529579505e+01
-4.026572882762547323e+00
8.640511703848414271e+00
-1.088674922394820044e+01
-1.658272599234226519e+01
-1.105925264985105372e+01
2.941777432221810074e+01
1.658723211250637419e+01
2.760143298095771414e+01
-5.124493447011711389e+00
5.862536402122453083e+00
2.415982317303252636e+00
-3.018830782373926880e+01
-8.701617445946274287e+00
2.904287921198877687e+00
-2.303432143849476788e+01
-1.240706019934524384e+01
2.741773098804996067e+01
-1.872221284779901795e+00
2.027803324973217158e+01
4.940490567505460895e+00
-3.334851087463253094e+01
3.341894021712703278e-02
-9.318246617206323634e+00
-4.130396464284124214e+00
3.360164287769664782e+01
-1.946620132592820962e+00
2.332431101686219321e+01
-2.481683468890720334e+01
-1.707288963484387523e+01
1.535836583572135039e+00
-1.005214013204131440e+01
2.881700543383233448e+00
-7.049324204586240761e+00
5.151055567772597321e+00
-1.950291038246081499e+01
1.995599617513952095e+00
-7.142395591998491611e+00
-4.243082920722318629e-02
6.630530329487455354e+00
1.261143383603926438e+01
-2.607664901835297755e+01
2.021113199801835236e+00
-3.869936191913027734e+00
-1.879442458739035970e+01
8.856720121868061568e+00
-1.867820164218978229e+00
1.894999177460052664e+01
1.241102336409476159e+01
