-1.465369717762414226e+01
4.338999425545916111e+00
2.254676812106682249e+00
-1.133867216784132737e+01
1.638681385517895217e+00
-6.090265554926387104e+00
-5.850514683074393929e+00
-2.252630331700099831e+01
-2.929650248253766520e+00
-1.804246788981810568e+01
5.519563748783053114e+00
1.543491220625372362e+00
-1.028819964310160984e+01
4.172185327034821256e+00
-2.443855289302137379e+01
1.410084797058873463e+00
1.673001864528701788e+01
2.530010305262855752e+00
4.738386237659851119e+00
1.035969987585719387e+01
2.042547522521444225e+00
-8.368533049867775686e-01
-2.055341644293855197e+01
-1.055471213296380828e+00
-3.415078817752952300e+00
-4.443099653247115199e+00
8.730724766373558765e+00
-3.922065807383864566e+00
3.445871906685065156e+00
-1.444906443547804464e+01
-7.143386732199298983e+00
-6.032076765598713308e+00
-3.760639092520690063e+00
3.419047948340301346e+00
-5.975261998951523879e+00
1.291909640044524465e+01
1.835111046573929272e+01
7.628767245003911790e-02
-1.193178193694041411e+01
3.705011917498040930e+00
7.770671367316379197e+00
8.939370922914292805e+00
1.297216750740887115e+01
5.742629294165108256e+00
6.199443637100429783e+00
4.462861607578336720e-01
-1.132934522940276167e+01
-9.115651109696241150e+00
-4.255244063312947911e-01
3.344382525305558129e+00
1.077370671171239636e+01
6.231151689898972279e+00
-8.905014611859254359e-01
1.112335672001133169e+01
1.334859160702966729e+00
4.396348367177767891e+00
-6.797374513127364182e+00
2.729669571586221366e+01
3.601986917143711331e+00
1.227142644560486850e+01
8.272226706798207374e+00
4.715945945460924271e+00
3.071405303869490400e+00
-7.030513036217898026e+00
-7.238485321986662058e+00
1.209459266063303140e+01
-1.600211605546575200e+01
5.499096220316054051e+00
2.004980940101729558e+00
1.833860077847699444e+00
9.494418308148057761e+00
-1.140139547989751989e+01
1.059633927446696866e+01
1.539853585934759472e+01
-7.496008856888559890e+00
4.288830171144160097e+00
-5.742248365382190300e+00
1.574550566955063902e+00
-4.412425141398257367e+00
1.097836225648706154e+01
9.187458139931146128e-01
1.175097697385154349e+00
6.927397015920168322e+00
-4.700037993667944392e+00
7.295293180129807098e+00
1.769100694523837225e+00
7.176100560999856270e+00
-5.374157990024932552e+00
-3.701203913276044144e+00
1.828412660539302514e-01
7.410565263769186117e+00
-3.929681468988905024e+00
1.136679098431600465e+01
1.670395852781568768e+00
-1.026003313295733399e+01
1.061827801235817104e+00
6.846821741379124582e+00
-1.528627370853446266e+01
4.888457158743814368e+00
6.517701170336216876e+00
-1.961240070533378788e+00
1.665868019634518049e+01
6.336443946442632758e+00
4.796918662999195782e+00
5.839613781653835822e+00
5.049182217680222351e+00
9.050234619775714862e+00
-7.685465518592409673e+00
-1.201795822761820620e+00
8.408989128171626248e+00
-2.181861428352604104e+00
3.528898484594565232e+00
3.078047036590568108e+00
-1.349760778562684838e+00
5.602324164908289994e+00
-7.562636208962624451e+00
4.806036718005433528e+00
-1.320225923129707013e+01
1.972606654838167328e+00
5.657437778098562298e+00
-1.740564956229077964e+01
-4.558124785842754711e+00
2.279839858271068387e+00
-8.789521457602580412e+00
-2.869530610124582548e+00
-9.849528012675536459e+00
-1.807136546879657635e+00
3.745409710854219032e+00
-5.984268941848837287e+00
-1.751454706745716905e+00
-3.339269903782435378e+00
-2.024298829744865635e+00
-2.438680541127278278e+00
3.990011312680250555e+00
-1.548553066922099930e+01
-2.293007587463153030e+01
1.825416321757536542e+00
9.470672937413999293e+00
-7.340521010002248881e-02
1.870698741145252697e+00
1.024540703803990027e+01
-2.065406880352974994e+01
2.108440291779467657e+01
-8.573828848687320203e+00
-1.602072650743920246e+00
-1.072873028229468062e+00
9.127481552579373769e+00
6.947024878173332141e+00
1.282542305129367755e+01
8.841107852404645584e+00
1.433954216279969529e+01
-1.564881961629801976e+00
-1.472794563134510426e+01
1.651895320194845951e+01
6.826922259311798413e+00
1.147935016340819203e+01
-9.940284944251441601e+00
-8.820267685927625223e+00
-1.188252840365487550e+01
1.736238839493265074e+00
-2.547241607153134968e+00
-6.868734585494657985e+00
-9.413474542200226836e+00
-7.279573332494682525e+00
9.837388622434016128e+00
-8.127583930590439820e+00
-9.830866241345759704e+00
5.057836625545617082e+00
-3.133733264601993529e+00
9.118971432632547724e-01
7.008153607981428834e-01
-9.270907509702441374e+00
3.708639926477358628e+00
-3.866916071181709103e-01
1.063315467992619112e+01
2.113846297455775680e+00
-1.402523909539238467e+01
2.637103568738675818e+01
1.432219313271948202e+01
-1.295183817904439039e+01
-1.263104239162801257e+01
1.628632821976617251e+01
5.550217642220900416e+00
1.025901732607079353e+01
5.941043425797527533e+00
-1.539571454825342833e+01
9.685325515553262932e+00
-4.016076947294543231e+00
1.632005446455404574e+00
6.986110969009037497e+00
7.953582350510020937e+00
-7.508045485884958792e-01
1.508810466733575328e+00
3.719676504271086231e-02
1.312869575689771295e+01
1.599423797850415108e+00
-1.059912108541560372e+01
1.077632262889177284e+01
-1.416806175124648526e+01
1.114769837193621527e+01
1.044636559223556915e+00
1.866457267805875020e+01
1.758445770388365403e+01
-1.563622599323846840e+00
1.133553949377290770e+01
-3.390749658658169352e+00
-2.126880825781600137e+01
4.184520638536960213e+00
-2.697349294815485354e+00
5.292737484704320927e+00
-1.332831429402379975e+01
-3.755199716135046550e+00
1.595110282766070320e+01
2.427874051757579199e+00
-2.549842245979651256e+00
8.950904691771555122e-01
-1.436022105370683377e+01
-3.154490318548275329e+00
5.504560383492396625e+00
-8.633961081786084790e+00
-1.084824413295967105e+01
-7.475057248523791387e+00
2.015015408614880243e+01
1.179930944915109947e+01
1.947112191689709704e+01
-4.523283395406969554e+00
5.334139412027099070e+00
6.675092798320256815e-01
-2.047803838883363525e+01
-5.991620010495029902e+00
1.203230839739495295e+00
-1.469134021918075739e+01
-8.534174104130668681e+00
1.901172346936672142e+01
-2.238924898640437977e+00
1.440189413141011343e+01
2.851278991197414570e+00
-2.274728576786045053e+01
1.690374024325212998e-01
-7.053754707286409520e+00
-2.318555850081109426e+00
2.315521697819928448e+01
-1.988856389220376553e+00
1.651844317726787281e+01
-1.671946799794175575e+01
-1.017847996262762855e+01
2.022702086847867786e+00
-6.538603482238317000e+00
1.345338955669290959e+00
-4.606566659104839090e+00
2.687362272190004120e+00
-1.309236432545030127e+01
7.989971087954812479e-01
-4.209644686603891017e+00
-8.234273386722844590e-01
3.640841206937244223e+00
8.064626125667430756e+00
-1.663553821862422666e+01
2.223091300829902472e+00
-1.510216364145256396e+00
-1.314322100795316750e+01
5.500575226037871523e+00
-5.662384417797084596e-02
1.379634252418068741e+01
9.057803424838867912e+00
