

gen best mean std best_sol
0 -2.872816 -5.927799 1.381123
1 8.360976 -4.194461 4.34735
2 11.369854 2.240953 6.048108
3 24.832635 9.447866 7.615414
4 36.146219 15.856278 8.194519
5 25.458045 13.522234 10.643321
6 25.460064 18.446365 5.218709
7 24.832635 19.130301 3.50793
8 30.25171 23.087282 3.479195
9 30.252789 24.455123 3.29336
10 32.52955 26.623721 3.572803
11 32.51706 27.6164 2.988071
12 32.524294 28.562671 2.520792
13 32.515212 30.231571 1.693026
14 32.532975 30.522646 1.408911
15 32.52955 30.652732 1.20593
16 32.526062 30.751029 1.119141
17 48.262773 32.656282 5.296339
18 35.125615 31.847825 1.887499
19 35.095042 31.835392 1.866157
20 43.111609 35.258038 4.563847
21 43.100622 37.004919 3.94795
22 48.356153 40.956862 3.393
23 51.754732 42.859207 3.94071
24 54.254676 46.123502 4.064634
25 54.748475 48.025565 4.027936
26 54.994528 49.59621 3.840365
27 79.33064 54.11329 8.961727
28 79.296486 54.892607 8.633271
29 88.853938 64.336105 14.058743
30 88.783779 67.488011 13.858192
31 88.853938 76.20956 7.055297
32 88.855458 76.860068 6.58167
33 88.796477 77.794994 6.178183
34 88.783779 77.793725 6.175923
35 88.745912 78.755286 5.598764
36 88.186074 78.699302 5.500522
37 88.853938 79.374522 5.26369
38 88.384403 79.327569 5.180357
39 88.783779 79.367506 5.251082
40 88.839394 79.373068 5.261072
41 88.81555 79.370684 5.256785
42 88.745912 79.36372 5.2443
43 88.783779 79.367506 5.251082
44 88.169003 75.499828 9.453363
45 79.622492 69.681255 15.704622
46 79.496878 61.718436 25.67047
47 79.367609 55.147669 28.390311
48 79.296486 47.193141 31.679625
49 78.94317 46.403165 27.019668
50 73.494535 47.610267 23.704417
51 73.332138 39.860509 26.484268
52 73.168974 46.782207 21.195347
53 64.479866 48.873493 18.108342
54 60.535896 49.462565 18.730359
55 64.479617 57.088995 3.331792
56 69.842518 59.449961 4.543072
57 64.479617 57.378636 4.024955
58 61.023146 51.179397 20.717928
59 60.989458 55.694543 7.327351
60 60.535896 48.873546 20.004769
61 58.673385 43.367893 23.282954
62 58.660377 46.851208 16.276389
63 58.657247 48.672348 8.594652
64 58.605158 42.896917 17.814864
65 55.843497 38.309133 19.023289
66 55.268687 35.046816 18.407704
67 55.232499 32.705576 16.771672
68 46.998545 30.827387 15.005275
69 46.998331 36.38392 6.702962
70 41.670596 33.050545 13.448947
71 41.665514 37.427016 3.14919
72 69.995326 42.237891 9.716782
73 69.978267 44.526427 9.005071
74 50.128211 44.358932 4.264775
75 61.064748 50.133754 4.717046
76 61.040067 50.976569 4.699075
77 56.894042 48.949055 5.159156
78 59.989894 52.254449 3.560717
79 55.134047 50.803641 4.446762
80 55.107569 49.915342 4.511687
81 55.041097 50.343881 3.52659
82 54.972812 50.337052 3.517542
83 54.9668 51.846298 2.274251
84 54.712132 51.404715 2.321226
85 54.698042 50.112188 4.121606
86 54.865623 51.723779 1.933738
87 54.870624 51.724279 1.934551
88 54.845358 52.058088 1.723387
89 58.313791 52.899358 2.391555
90 54.845358 50.901108 4.474125
91 54.698042 50.189249 5.794833
92 59.951852 53.685104 2.244478
93 59.860977 53.861536 2.177648
94 60.738459 55.321614 3.023738
95 60.76418 55.75165 2.738725
96 60.822941 56.555571 2.92323
97 60.873489 56.71949 2.763932
98 60.76418 55.548477 3.201871
99 59.860977 53.619535 6.543402
100 58.603035 53.962928 3.557748
101 55.843815 54.064501 2.401689
102 55.842937 55.063589 0.388175
103 60.759735 55.832837 1.66653
104 60.665328 56.115477 1.583565
105 56.818199 54.694362 2.81576
106 56.804072 55.637403 0.424253
107 61.58858 56.879096 2.37318
108 70.156218 62.467295 4.448402
109 70.163728 64.252494 3.417372
110 73.034408 68.264116 3.852807
111 73.034408 70.196166 2.055662
112 73.807447 71.094743 1.807258
113 73.821499 72.76015 1.344783
114 78.699304 73.612146 1.985911
115 78.432883 73.911943 1.554162
116 79.632252 74.69884 2.194886
117 79.710473 74.785753 2.164956
118 80.036511 75.444878 2.613416
119 79.710473 73.935032 3.759447
120 78.432883 72.078874 6.764787
121 73.876136 71.91317 5.598639
122 73.889878 73.152959 1.88594
123 73.873632 73.720902 0.13762
124 73.842294 73.714181 0.131502
125 73.825312 70.668703 9.094581
126 73.821499 71.555283 4.308524
127 73.807447 64.682015 23.894462
128 73.806427 63.684326 23.892795
129 73.859976 72.549102 2.044829
130 73.788216 71.908724 2.796783
131 78.978811 73.665634 2.030958
132 79.016013 74.035391 1.670363
133 79.034415 74.112275 1.649872
134 78.936026 74.169004 1.596152
135 78.941687 74.16957 1.597842
136 79.040375 74.179438 1.627319
137 79.020281 74.177429 1.621317
138 79.007225 74.176123 1.617417
139 73.879741 73.563679 0.272522
140 73.874336 72.946179 1.765132
141 73.788216 72.327442 2.326509
142 73.67325 64.33502 23.600247
143 73.560014 63.731412 23.489161
144 73.513757 68.100047 8.720603
145 73.801631 71.166523 2.797369
146 73.893837 71.192356 2.785999
147 73.893837 71.202082 2.773989
148 73.858163 71.198514 2.770546
149 73.858163 71.80227 2.609506