-1.914345264063340579e+01
5.433347138243729724e+00
1.564697632936831262e+01
-9.723795237661912338e+00
-2.444386857951560543e+01
-6.039808487403163895e+00
-2.137933335036706239e+01
-3.165267310121720357e+01
2.750136099729892791e+01
-6.427630155890075692e+00
-6.329632733153630397e+00
-2.547109289668022303e+00
7.533523440817679884e+00
1.007332692250862394e+01
-7.057143758421701385e+00
-1.594941744048942178e+00
5.432118768093558714e+01
7.976671186128941216e+00
-6.358463577333124839e+00
-6.788726801346079753e+00
-4.269093951840482681e+00
-2.928627683590186237e+01
2.582529906691447863e+01
-1.383351113893902706e+01
-4.493525141718174964e+00
-4.002390868232149623e-01
-1.715911010169140738e+01
4.548170169633277027e+00
-3.681926324898067548e+01
1.460378040558656387e+01
1.715851633903452722e+01
3.725521796500453675e+00
1.816042880672650028e+01
1.234526052865957624e+01
3.258605976265540249e+01
-3.741296998970972965e+01
3.022784756458527866e+01
3.928091656949651345e+00
-2.538737267867874348e-01
-3.102380270316438526e+01
-2.420107071643607455e+01
-4.792662999469308716e+01
1.404950425691649052e+01
-1.372004882525438596e+01
-3.079841174017319005e+01
-1.436996077992240117e+01
2.707413085881951531e+01
1.626795510107557519e+01
1.319149917395678351e+01
-2.767221864704343393e+00
-3.693699930316815649e+00
-3.014048567370248932e+01
6.933345788467812021e+00
-1.783520229235367083e+01
-5.360296687001716798e+00
-1.492985228616456261e+01
-1.714552538447363617e+01
-1.088275048809960488e+01
2.370894031493557819e+00
8.095069451579356423e-01
-2.843961529261996901e+01
-3.364358766527762779e+00
-1.730210212214015275e+00
-3.071129218643378778e+01
-1.062685433659325440e+00
1.549420727433448164e+01
-1.006766835196371801e+01
-3.391087190304925514e+01
-5.883117245368578274e+00
-1.419829284343907538e+01
-1.266466925060598392e+01
1.268734909042714065e+01
-3.460946008776401328e+01
2.928047288664506809e+01
-1.918930381516288719e+01
1.003399947613804599e+01
1.334204039281583221e+01
9.951180100784855043e+00
3.113909007262349959e+01
-2.386427646031507166e+01
-1.498248138230574256e+01
-3.120133620558411369e+00
4.320738121542714794e+01
3.602451758507963397e+00
1.636819246541466821e+00
-1.633548594880655402e+00
7.145447863558556989e+00
4.175963791673988013e+00
-2.277138420593508172e+01
2.004723295537415240e+01
5.156751902305337865e+01
1.478223144909035369e+01
1.840249028528426578e+01
1.567936978742473819e+01
2.981136036231464459e+01
1.809512774484237596e+01
-2.717927561220631816e+01
-3.824731772110577310e+01
1.610277094627180006e+01
-1.148155762143639969e+01
-8.602491713829316211e+00
-2.601263425101421944e+01
-2.569792002337759484e+01
-1.049774807084013339e+01
-1.788356301461111464e+00
-2.017787407447213255e+01
1.222952778432962084e+01
1.526275619092758262e+01
2.302116284465640206e+01
2.202404640470289721e+00
1.217816265555016564e+01
-4.557229833186410417e+01
-1.234070831143701419e+01
3.223701794565779721e+01
1.125075457312846794e+01
1.619487175605056173e+00
3.548677324372347730e+00
2.196523602184504487e+00
-8.028463207542131386e+00
-1.519803053264503490e+01
-8.662059417600397992e+00
1.401977191912490106e+01
4.135682159909918454e+01
-3.367567806398020025e+01
-9.270053297123711289e+00
-2.305576942503025606e+01
6.328646227530405177e+00
-6.968898664279136845e+00
-1.899872878067769122e+01
-3.943562009434953275e+00
3.421689443329495361e+01
-4.678654628873788468e+00
-2.071095366293696927e+01
-4.650973630778583612e+00
-1.606261045997757009e+01
-4.508266704805744496e+01
-2.551208367120078790e+01
-1.031545715680359265e+01
1.226435186909193042e+01
6.949587106165192374e+00
6.094489224408125239e+00
4.530885710151675738e+01
2.069127069239748451e+01
1.367890111054670399e+01
-7.436626365584708687e+00
5.593762002344708151e+01
-1.799805121634253169e+01
4.840023901202416567e+01
-2.018186641134271930e+00
-7.320001945370884222e+00
-5.781175639542367461e-01
5.287969530286111386e+00
2.688749286351827639e+00
2.551037906079287509e+01
-6.227314816580465617e+01
-9.331181374840371134e+00
1.737730959325156377e+01
-1.286858253282899689e+01
1.558963602588073449e+01
3.524826996078374908e+00
3.279614810018244953e+01
1.197880872912054429e+01
-5.730490942681909949e+00
2.816202858567687528e+01
-2.864198595448911533e+01
-3.189667509736969997e+00
6.272546258114753748e+00
-3.839417521081945495e+01
2.286738472855681792e+01
1.107330564806321682e+01
-8.535621338549779225e+00
2.923854165566838148e+01
-1.165985761360821016e+01
-2.769169047735729805e+00
8.740940890379004458e+00
2.970318030795905528e+01
1.374982435621160448e+01
-1.386506245584682162e+01
3.815209356909336602e+00
-3.458454783250082265e+00
7.994975644548993898e+00
1.473614089111522318e+01
-2.368041693136608572e+01
2.967307604628015127e+00
-2.365149335410165321e+01
1.832648339820519112e+01
7.998036488888877749e+00
-1.596393427969384859e+01
4.505379745336872332e+01
8.234160741314372700e+00
2.197581673964855042e+01
-4.136876679411922453e+01
4.385879494791873157e+01
-1.939109751940888060e+01
-1.171819156595245381e+01
1.418676418488547064e+01
-1.520698610449760579e+01
4.988908209644463021e+00
2.254034172658899493e+01
1.446068661846374681e+01
6.524454518445250706e+00
-1.414376771823495993e+01
-3.506571654387487058e+01
1.595563674771224960e+00
1.460812566892448494e+01
2.013549097902071949e+01
-8.973203020417788167e+00
-1.655502292729922686e+01
9.938034128177168469e+00
-1.334589360150145954e+00
-2.699120691993942245e+01
-5.642612091075854153e+00
-1.241974869817359561e+01
3.963339587879279424e+00
3.948821391346465592e+00
-1.888817006327737502e+01
-8.929643049989289594e+00
2.871007495934819076e+01
1.308549608999044089e+01
8.971356312592941862e+00
2.679867162800964309e+01
-3.562452375837521146e+01
-2.157958619872104133e+00
1.986005933562846693e+01
2.007910574074091414e+01
1.087541082277034832e+01
-2.206048823585048169e+01
1.388312517575140070e+01
2.317314702875297172e+01
1.796449352072923489e+01
1.354676797130366062e+01
-5.052722961391070688e-01
2.837012770856224719e+01
3.417608194078659523e+01
-2.762639431552871727e+00
-1.274877780769874391e+01
-1.171356483628022277e-01
2.038913550150879317e+01
-4.154656727080011080e+01
-2.056390866460545652e+01
-1.464281402017224920e+01
-2.145112564884401962e+01
-8.103289577509908526e+00
1.975208795183113608e+01
-2.036312289360670036e+01
-7.129345603375846885e+00
-1.627811743301018410e+01
-1.868053763221587671e+00
-2.857688384076334742e+00
2.994000112646077127e+01
-7.764539092859544134e+00
-1.146649399551023629e+00
4.447162351987317130e+00
1.243959775880144747e+01
2.135912236412951515e+01
5.488272976785042445e+00
1.459841609047946420e+01
-7.094984325591433549e-01
2.048218760555533535e+01
9.167494945007234719e+00
6.362995854201754398e+00
-3.509957993408931998e+00
1.344200687122808979e+01
8.111572134256503475e+00
2.441250166660634768e+00
