-1.174648345984455133e+01
2.087635558609058251e+00
3.357747736684242756e+00
-6.676633108504377745e+00
-8.774868934844583634e+00
-8.660031734653554025e+00
-7.920647500022338861e+00
-1.128185444760065081e+01
1.233926226575209206e+01
-4.691752017137289954e+00
-1.893321914431660646e+00
-8.120932966135118170e-01
1.001265039124025513e+01
8.554342966039119034e+00
3.181313258365163765e+00
-1.379406746027737329e-01
2.171916202129464679e+01
7.932506815434314795e+00
1.125109115782391145e-01
-7.026336834277520538e+00
-3.707733154122752062e+00
-1.579914885885921727e+01
8.704752453687525815e+00
-5.727972796915208775e+00
-5.748685966654371704e+00
-1.255936423227197229e+00
-1.223485054879771106e+00
8.255902186741104209e-01
-1.261930049485857985e+01
2.104828692263478462e+00
5.686331238904197782e+00
-2.458350569376557715e+00
8.033225530839777306e+00
1.010003731186067899e+00
1.097334388200660449e+01
-1.429571933170043074e+01
1.079776660143050293e+01
-5.039402193683603315e+00
1.628621755789226855e+00
-2.192527136973933821e+01
-6.926035320663512351e+00
-1.054664799829817134e+01
5.756015693032321856e+00
-1.029158695443230265e+01
-1.509706826471275143e+01
-5.170272502373663315e+00
1.129967772004424376e+01
1.192726490989565669e+01
-1.008873542479014507e+00
6.672945770962671830e+00
5.604422088054239470e-02
-9.393579140856886056e+00
9.413349301135083280e+00
-1.589400297073197077e+00
-8.530255327403615695e+00
-7.594614319474082720e+00
-5.238689974351337320e+00
-4.108697673387764482e+00
3.623613161976823455e-02
8.157308113714500930e-01
-1.005551304614868613e+01
-2.777740029530188615e+00
3.183878814805226831e+00
-1.154226404310059095e+01
-4.403717802587362229e+00
7.324913351004871842e+00
-6.197971384446796073e+00
-1.172089697831470545e+01
-9.007964033115372970e+00
-2.104643520379546384e+00
4.372823791891833345e+00
1.366157066915626439e+00
-1.544576348615946237e+01
6.901309771264337201e+00
-8.780998047532351691e+00
3.550919947148667433e+00
6.655527327544558780e+00
9.191424953052532709e-01
1.251668028876595251e+01
-3.708402965107698623e+00
-9.572109169159258357e+00
2.595660004904174478e+00
1.455307586802618403e+01
4.043089321338732667e+00
-9.375082603952320515e-01
-4.835897517750161967e+00
-1.249509794163225607e+00
3.872651167690159824e+00
-1.031461981135486994e+01
9.770911853592672003e+00
2.094078918197537575e+01
4.877290842874117516e+00
9.787817163849481972e+00
6.178198083354700110e+00
1.257794147017045638e+01
2.709222376530344700e+00
-9.067389707551868128e+00
-1.462279646097459285e+01
1.092066949681732524e+01
-1.534876518946646584e+01
-1.249761456485875444e+00
-6.675646407300579455e+00
-1.089460827309962276e+01
-3.197071113848511281e+00
-3.618119353296496588e+00
-8.361797390439171807e+00
-1.755653602093662835e+00
7.624605268179097450e+00
5.829906544956511283e+00
6.626652397316409093e+00
4.490008022863444026e+00
-2.519193314186901844e+01
-2.673317389223040408e+00
1.864991943540081465e+01
9.908503834960921353e+00
1.443783401099637542e+00
8.605830045202227385e-01
-3.451198270438921023e-01
-2.967387180029261717e+00
-1.117540873005748736e+01
-7.151290179453682061e-01
7.546105015789254189e+00
1.760483779631029577e+01
-7.968796162090020729e+00
-7.035061322692327757e+00
-7.350271875676973821e+00
1.872919598748846504e+00
4.151624902423290409e-01
-6.583773093038896462e+00
-6.294355343471505826e+00
1.611897970929120305e+01
-4.497128616001486279e+00
-9.030401721177918617e+00
7.596731115897941145e-01
-1.672934243194019510e+00
-1.337910210829826418e+01
-4.693700468862221697e+00
-7.281982414168978179e-01
1.189521563902736645e+01
5.383099527292170450e+00
2.152047879172881650e+00
1.619383563470743681e+01
5.844576988028819642e+00
3.541758791573025533e+00
-4.287111751134360382e+00
1.920090130050888177e+01
-3.820348224999447595e+00
2.161012137842718062e+01
-2.865887566684872212e+00
-3.679466306982077661e+00
-3.637726957709421782e+00
1.923471726025910211e+00
3.098084543805723179e+00
1.244590261710590795e+01
-2.129613761599545185e+01
-8.579628253497737944e+00
7.819020464629482525e+00
-4.486357862978294087e+00
-2.522138148368027188e+00
1.245006843542015407e+00
9.606899598671459373e+00
8.722069892500506683e+00
-1.638336247533441981e+00
8.398664355703187923e+00
-1.619686073593162234e+01
-4.355139590349376810e+00
-2.184881896744661489e+00
-1.304661611685781430e+01
1.041635149110320313e+01
-1.118584781520366001e+00
-3.866916409127282517e+00
8.770593498594994486e+00
-1.042732944323993749e+01
2.070445154051473224e+00
-1.557290942585959348e+00
9.962409835236094580e+00
-1.641199802206462888e+00
-9.312094011883754519e+00
2.093241610028043542e+00
4.466111307569546884e-01
4.394971257673473630e+00
4.426780321244335958e+00
-9.282967608236067036e+00
-3.560329403008858584e+00
-1.448441148335875361e+01
6.237119896778000161e+00
4.804068503435005688e+00
-7.849285161680175982e+00
1.884456761683755133e+01
6.587477513336380319e+00
6.314009898942172683e+00
-6.248622552168335176e+00
1.154016863506648427e+01
-1.179017971298438461e+01
-2.528407195336810354e+00
2.323609550659333056e+00
-5.208870050789620620e+00
6.723623881167672955e-01
9.612840040283190390e+00
6.573287564348527567e+00
3.084373331455620981e+00
-1.134367662259553988e+01
-1.487333911087515936e+01
4.979406034641550960e+00
6.828442365020633176e+00
8.503951597050301459e+00
-1.188786773592024737e+01
-1.889153356901225100e+00
6.301865871633225424e+00
-1.016059945962519695e+00
-1.058789684252105978e+01
-3.087690164963539541e+00
-1.278710725814656612e+00
2.650216291851783534e-01
6.906184826903507101e+00
-1.092083429706977604e+01
4.965066998498538275e+00
1.152533687903947879e+01
4.808963356620105323e+00
5.443942725310925823e+00
7.871884602716581192e+00
-1.880429886683940310e+01
-3.096271274929864425e+00
7.659790423640243873e+00
4.514114013988306695e+00
2.243942575425798669e+00
-5.580893550279249382e+00
9.975828118606369088e+00
1.769357055746828777e+00
1.320661786569303331e+01
8.592584047760189137e+00
8.241524157869836165e-01
1.324327827991013606e+01
7.713929917363121724e+00
7.067364720296072989e+00
-5.847721153712638120e+00
1.688219211105425499e+00
1.124277741397657771e+01
-1.273232175933720356e+01
-1.622312476746278431e+00
2.151491207994913779e+00
-1.013548922549921194e+01
2.534808732320882996e+00
3.277237941502935570e+00
-8.833958127827507667e+00
-6.860443267278899526e+00
-4.690207822002941285e+00
2.081103216283627155e+00
-2.995138435265458199e+00
1.076184824067992096e+01
-3.780099044755876658e+00
-1.661659106682794595e+00
-3.491086488929500575e+00
3.074227145001899308e-01
7.661049520733777207e+00
6.900956677976942011e+00
4.436013568390481332e+00
1.824182652267096749e+00
8.862318109448214187e+00
3.883831172947593835e+00
1.283804652641800548e+00
-2.720617037730458154e+00
4.104871104985397423e+00
1.873685539231273678e+00
3.033620019895887587e+00
