

gen best mean std best_sol
0 -4.438182 -7.397922 4.834671
1 9.212214 -1.336954 5.687482
2 15.749467 2.652618 7.863623
3 19.647092 9.521564 6.673166
4 19.647092 14.470854 2.769663
5 19.647092 16.211446 1.154107
6 16.32285 13.753957 6.542855
7 26.050167 18.011889 4.023405
8 26.050167 18.842736 4.250126
9 26.050167 19.147618 4.124801
10 26.050167 21.765914 3.43954
11 26.050167 21.852148 3.304897
12 26.050167 22.82488 2.946381
13 26.050167 21.794772 3.40389
14 26.050167 22.207382 2.832699
15 26.050167 22.921342 2.327808
16 26.050167 23.299063 1.894206
17 26.050167 21.188966 9.049811
18 26.08935 24.808197 1.278748
19 26.113972 25.643472 0.83433
20 26.113972 25.885417 0.529023
21 26.113972 25.885417 0.529023
22 26.903272 26.258065 0.323149
23 26.903272 26.343375 0.36668
24 26.903272 26.343375 0.36668
25 26.903272 26.343375 0.36668
26 26.903272 25.428569 2.851491
27 26.903272 22.850108 9.531445
28 26.903246 23.856331 4.562872
29 26.903246 25.073596 2.030872
30 26.903246 25.558438 1.066326
31 26.903246 25.55847 1.066269
32 26.903246 25.55847 1.066269
33 26.903246 25.55847 1.066269
34 26.903246 26.037467 0.518241
35 26.128496 24.095588 6.026769
36 26.128496 21.975678 9.631424
37 26.128496 26.104377 0.0225
38 26.128496 26.116252 0.012296
39 26.128496 26.121234 0.007262
40 26.128496 26.128496 0.0
41 26.128496 26.128496 0.0
42 26.128496 26.128496 0.0
43 26.128496 26.128496 0.0
44 26.128496 24.6418 4.46009
45 26.128496 26.128496 0.0
46 26.128496 26.128496 0.0
47 26.128496 25.090556 3.113822
48 26.128496 26.128496 0.0
49 26.128496 26.128496 0.0
50 26.128496 26.128496 0.0
51 26.128496 26.128496 0.0
52 26.128496 25.090556 3.113822
53 26.128496 24.051641 4.153711
54 26.128496 23.016287 4.753983
55 26.128496 22.717129 4.639496
56 26.128496 21.679189 4.913168
57 26.128496 20.64389 4.957124
58 26.128496 23.455838 4.015443
59 28.981766 26.113392 1.310142
60 26.128496 26.052889 0.151823
61 26.918607 26.17274 0.269365
62 26.918607 26.17274 0.269365
63 26.128496 25.055789 3.103964
64 26.985627 26.179442 0.288026
65 26.985627 26.253311 0.270515
66 26.519518 24.346285 5.478215
67 26.519518 26.167598 0.117306
68 26.128496 26.058474 0.210066
69 26.128496 25.090556 3.113822
70 26.128496 26.128496 0.0
71 26.128496 25.090556 3.113822
72 26.128496 26.128496 0.0
73 26.128496 26.128496 0.0
74 26.128496 25.090556 3.113822
75 26.128496 23.656256 7.416719
76 26.128496 26.128496 0.0
77 26.128496 26.128496 0.0
78 26.128496 26.128496 0.0
79 26.128496 25.090556 3.113822
80 26.128496 26.128496 0.0
81 26.128496 26.128496 0.0
82 26.128496 26.128496 0.0
83 26.128496 26.128496 0.0
84 26.128496 26.128496 0.0
85 26.128496 26.128496 0.0
86 26.128496 26.128496 0.0
87 26.128496 25.090556 3.113822
88 26.128496 24.060893 4.135248
89 26.128496 21.92546 9.675923
90 26.128496 26.128243 0.000759
91 26.128496 22.800782 9.983142
92 26.128496 26.128496 0.0
93 26.137498 26.129396 0.002701
94 26.137498 26.130297 0.003601
95 26.137498 26.132097 0.00441
96 26.141984 26.133896 0.004845
97 26.141984 26.134797 0.004588
98 26.141984 26.137945 0.003143
99 26.159826 26.144655 0.007782
100 26.159826 26.147337 0.008176
101 26.164261 26.151792 0.009927
102 26.164261 26.160703 0.006547
103 26.164261 26.164261 0.0
104 26.164261 26.164261 0.0
105 26.164261 25.12707 3.111571
106 26.164261 26.164261 0.0
107 26.164261 26.164261 0.0
108 26.168685 26.164703 0.001327
109 26.168685 26.166031 0.002168
110 26.168685 26.168685 0.0
111 26.168685 26.168685 0.0
112 26.168685 26.168685 0.0
113 26.181897 26.171328 0.005285
114 26.181897 26.17397 0.006473
115 26.181897 26.177934 0.006055
116 26.181897 26.181897 0.0
117 26.181897 26.181897 0.0
118 26.181897 26.181897 0.0
119 26.181897 26.181897 0.0
120 26.181897 26.181897 0.0
121 26.181897 26.181897 0.0
122 26.181897 26.180576 0.003964
123 26.181897 26.181897 0.0
124 26.181897 26.181897 0.0
125 26.181897 26.181897 0.0
126 26.181897 26.181897 0.0
127 26.181897 26.181897 0.0
128 26.181897 26.181897 0.0
129 26.181897 26.181897 0.0
130 26.181897 26.181897 0.0
131 26.181897 26.181897 0.0
132 26.181897 26.181897 0.0
133 26.181897 26.181897 0.0
134 26.181897 26.181897 0.0
135 26.181897 26.181897 0.0
136 26.181897 26.181897 0.0
137 26.181897 26.181897 0.0
138 26.181897 26.181897 0.0
139 26.181897 26.181897 0.0
140 26.181897 26.181897 0.0
141 26.181897 26.181897 0.0
142 26.181897 26.181897 0.0
143 26.181897 26.181897 0.0
144 26.181897 26.180576 0.003964
145 26.181897 26.181897 0.0
146 26.181897 22.977072 9.614477
147 26.181897 26.181897 0.0
148 26.181897 26.181897 0.0
149 26.181897 26.181897 0.0