1.140700285561567107e+00
1.477249734992462038e+00
4.728553008847437233e+00
-4.372593156566805916e+00
2.884478242342855658e+00
7.147532553097758479e-01
-3.111267308499742867e+00
3.451583651416238574e+00
-3.636242545648347146e+00
2.960290836577652573e+00
-1.773701196415039316e+00
3.227396265184920843e-01
-2.128273653814201527e+00
1.662642185473217404e+00
-3.053439281452933751e-01
7.078179965608730750e-01
1.749834076996057197e+00
4.105386727980369521e+00
-2.379739179527393111e-01
-1.102518162184869643e+00
7.948356737134192329e-01
-1.835261485954366334e+00
-4.277275690989450929e+00
-1.733854572253612281e+00
-9.462883887608044553e-01
-3.011693274015392774e+00
8.642788357874632288e-01
-2.281043259105817622e+00
-4.744168129190768357e-01
9.445337160722597769e-01
-8.202301906681700450e-01
-3.932198093932534277e+00
-2.519472524265040203e+00
-2.166397489083452754e+00
1.796154031265827289e+00
2.132164077727435048e-01
-1.397926219495943645e+00
-1.544390032410178248e+00
5.601893265994557503e-01
-4.013708220438282126e+00
-1.898102706750020019e-01
2.270297886781341479e+00
-3.058783179180426082e+00
-1.412959538266548076e+00
-2.478790144006893570e+00
-6.831961216445449070e-01
-3.818755675915541214e+00
-4.072268092066792633e+00
-6.071113526980176367e-01
3.345281162585463264e+00
1.205001736495839859e+00
-1.303285591224944362e+00
-2.179446468769790535e+00
-2.099834532543122023e+00
-3.820017790879175923e+00
-2.488800928027228743e+00
-6.472937718438543264e+00
-2.102267603820612951e+00
-2.123500938925282355e+00
-3.210344610214778349e+00
-9.222155371626314935e-01
2.396444062330062852e-01
3.214293243274841227e+00
2.182532053718523948e-02
-8.182926341560995409e-01
-4.213191661417526213e+00
-1.989030531097427446e+00
3.725024149259898998e+00
-6.960013173230189532e-01
3.440657648168222060e+00
4.367791407036359708e+00
1.593778646477718830e+00
-5.267852771401663192e-01
-4.037674518403806090e+00
1.496926105042677979e-01
2.021490238665525574e+00
3.065125745101672905e+00
-5.474308094952979431e+00
2.159834305341858940e+00
4.361788255969871186e-01
2.260026465075961166e+00
1.429844838162708687e+00
3.751449918865942257e-01
-6.986992539530739732e-01
-1.975236524790999315e+00
2.029200517166999784e+00
3.227638638857464493e+00
-3.591936607350344257e+00
5.100202825140623730e+00
-9.968703487154538800e-01
-2.222684239887103619e+00
-1.922315546341942238e-01
-9.307650308238205605e-01
2.126453988958323826e+00
1.737118419495035315e+00
3.401639228815541038e+00
-2.208183958730268515e+00
-6.775337646809838077e+00
8.310211869655182992e-01
-2.765857056257096769e+00
1.635049968179840274e+00
-1.852468114895185480e-01
4.348855841837835357e+00
1.039846957807446737e+00
1.946667250994679854e+00
1.069958426449019173e+00
2.239500198515088414e+00
1.191346562247416419e+00
-1.003196654403150534e+00
-4.537546909446380283e+00
-2.631195723100058004e+00
2.253579491371388244e+00
1.944251060119605468e+00
-2.261836117342394648e+00
1.073845526911440196e+00
2.173479789126656403e+00
3.176876510140608234e-01
-1.769917018096320849e+00
-5.754438029126183629e+00
-3.275556195215056032e+00
1.218146325843499467e+00
-4.774340790941165480e+00
7.877408716897550400e-01
2.356544517776846259e-01
3.569201235008015338e+00
1.703048313499527566e+00
-1.335103241730321688e+00
-2.699128546682759033e+00
1.653487277943248013e-01
-2.582548528503080032e+00
2.868367891210955811e+00
1.418846532153142936e+00
-2.429278064326064746e-01
1.431850504426382398e-01
-2.713933089677447730e-01
6.785606687734264675e-01
-2.061468150312899095e+00
-2.376852772363509114e+00
-3.876391950792784868e+00
4.034497734545072767e+00
-2.508757758190052201e+00
-3.632025511106721005e+00
5.888313336085201355e-01
-2.304852258760580197e-01
-1.429821787970398494e+00
-1.259791254508233926e+00
-5.176164296491749361e+00
1.174502827552600825e+00
-6.107628112085955463e-01
1.780420732282919083e+00
2.748824731830314949e+00
-3.508024221376350837e+00
3.308090966120165177e-01
4.549498478821323300e-01
-2.259935586247412864e+00
9.606059487525258067e-01
-4.884031198639118831e-02
-1.258596487006628184e+00
3.563010903289261844e+00
-3.295384530779277288e+00
1.290959935118119253e-02
-2.556370425765474685e+00
-3.079064561420433055e+00
2.360140374821096731e+00
-3.895315243060887500e+00
1.440876599468818187e+00
8.324288063591176456e-01
-1.274298999806955379e+00
-5.646222131338102024e+00
2.341164138012487239e+00
1.851815181057176574e+00
4.225110360650500829e-01
-9.398224580014916674e-01
-8.766130117382520126e-02
2.098970944018347384e-01
2.701481110743455094e+00
1.558769723974291255e+00
-3.672027291474649680e+00
2.272159029652143669e+00
-1.822463865554429852e+00
1.173029526975901904e+00
2.790816550648996142e+00
4.735658426528120302e+00
-5.166736109761830287e-01
7.773973868227226358e-01
-2.703838111384512022e+00
-8.541196423582688713e-01
1.704782631201644527e+00
1.181203055801071544e+00
1.495141808975307463e+00
-1.465723957238196373e+00
-3.397675248079964350e-01
-1.856665141781381756e-01
2.941289083457155826e-02
-3.304984104011399193e+00
-3.647673364422585163e+00
-2.653276875329005247e+00
4.059239187571082041e+00
1.920980393966457367e+00
2.423224695868807288e+00
7.912157114644988720e-01
5.125291894381984736e-01
3.840092693822024783e-01
9.727009549022412882e-01
-1.753564257205692534e-01
3.555505091139834040e+00
3.259576355662241465e+00
-1.253651697065691462e+00
1.067943823900360245e+00
1.491718130296544986e+00
-3.230384221355480534e+00
3.403698360828264491e+00
-2.687744377619945446e+00
2.266683253843876145e+00
-2.187830315857703489e+00
-3.146814481297426358e+00
-5.951276869165965655e-01
-3.636647291179788244e+00
2.920636380551152822e+00
-2.812316647772445499e+00
-1.997711937931105242e+00
-1.882452951674175701e+00
-4.199672709780181146e-01
-2.211668457932174352e-04
-6.431537323345335455e-01
-2.117730731508182807e+00
-5.021486249707558081e+00
1.066550152792994366e+00
2.335533988927762650e+00
-3.071271054490611885e+00
-1.803835343420321369e+00
4.194321933479984388e+00
-6.999616481923894851e-01
-2.453227119694206149e+00
-1.847041978372645943e+00
-2.137614097104780786e+00
-2.974024889309909714e+00
9.332055449242689926e-01
-1.882716879147949607e+00
3.901889803481846108e-01
2.250241209805117215e+00
-9.444027416508435357e-02
2.561790901304604517e+00
-4.160871369904088013e+00
4.015036598691308356e+00
-1.966948716399540498e+00
4.639632065280969719e-01
-2.313088230927442090e+00
4.544628983209919593e-01
4.868310092852245141e+00
-4.953840106080678596e-02
4.160814522641147484e+00
-4.617169347084648656e+00
1.116064218684532205e+00
-3.073810413837318567e+00
2.265547200258725802e+00
-1.536968714476865117e+00
-2.664460362466567034e+00
-1.620295458676829448e+00
-1.939830519164283729e+00
-1.739729568624708733e+00
-9.494065666865119102e-01
4.812951248045020947e+00
3.040210736719397122e+00
-4.071938652323908059e+00
