2.420665689124873454e-01
-1.197185658025442745e+00
6.648849620484907907e-01
-2.248117679187490725e-01
8.768503328000042396e-01
6.504875163077734612e-01
1.359283398397334919e+00
7.142395780065218247e-01
-1.529000540110128981e+00
2.354376603633811182e+00
9.192066138863355107e-01
2.513416133583811773e-01
-1.276537026773308936e-01
2.584698011851358501e+00
5.226239828673057142e-01
1.284784715508107356e+00
-1.435407011422203949e+00
-9.530965230746879513e-01
-1.475424136575912870e+00
-1.685841185530442043e+00
1.317848504479229632e+00
-1.675891726961066031e+00
3.651435914530869464e-01
-4.149633046114887813e-01
-1.003612550123731628e+00
7.638074975761924845e-01
8.260096442741735601e-01
-4.831463983016810460e-01
-8.933382506317981697e-01
2.593982614654050112e-01
-1.729051080005488794e+00
-1.556773223311613608e+00
-2.623422735716089083e+00
-7.809596565367913357e-01
9.974806698679881123e-01
-2.372525207532389491e+00
1.943403165671845567e+00
-2.042529533484532145e+00
1.155977007441216120e+00
-1.054493392811849395e+00
1.552390922894814951e+00
-5.365013915231039432e-01
-2.670917177030625922e+00
1.779286979251807621e-01
-3.804907869580373414e-01
2.536311633334328075e+00
-2.868526341907947863e+00
1.183793535576864453e-01
1.119384939028444048e+00
1.704414333316607522e+00
-2.686815605444217159e-01
1.636123333612868436e+00
-1.647348708844164733e+00
4.376587872437283089e-01
-3.702280456975693967e-01
-1.365327986134981408e+00
-1.554002914999880414e+00
-5.303713574817141563e-01
2.079663215983197921e-01
-1.141813807346892196e+00
1.087330194583629117e+00
3.502023884365069728e-01
2.829289939268827547e-01
-1.388754964259868663e+00
1.320374903404198108e-01
-2.473162324277828894e+00
1.376443536200618656e+00
-3.884664051046590738e-01
-2.267179161009508448e+00
-1.103933437336450524e-01
-2.974337264319683038e-01
4.751810517466973360e-01
9.395536020994404991e-02
-8.155352508385128596e-01
-2.779850902050050032e-01
8.850003945320263909e-01
-7.325813033692013532e-01
-2.598530345973341316e+00
1.667185701277818177e+00
5.616984652762455621e-01
-7.300781609482774881e-01
1.210221978557955019e-01
-9.272055404919810062e-01
-1.020183873541912478e-01
8.428462691483808999e-01
3.263286004973368626e-01
2.844590351439444942e-01
-1.830149203864073426e+00
1.304164346795335883e+00
-1.555345351225927875e+00
3.925251319373082581e-01
9.452058268715295419e-01
-1.344626934214846914e+00
1.906300568361841696e+00
-1.436111899298895267e+00
-2.094592647814914610e-01
-1.793719207678932559e+00
-1.147434607610106516e+00
7.687133685179627085e-02
-2.357040299718472287e+00
5.618890795079551914e-01
4.070809874880399470e-01
1.069342484018649841e+00
-2.128306818587235139e+00
2.551977551075975903e+00
8.821417255404002677e-01
-1.139201825275346081e-02
8.146176956362896626e-02
-5.291758050830422389e-02
-1.081716234138932142e+00
-3.575651436881757572e+00
1.256765694362760977e+00
-5.607623241770862133e-02
-8.784808274317477128e-01
4.825485509447682841e-01
1.597549285261267382e+00
6.938056191010670559e-02
-2.023786349522011530e-01
-3.500883748090450887e-01
1.253004363231889906e+00
-1.286048795738433448e+00
1.318855280906460203e+00
-7.207988596799923542e-01
-5.589428080496686713e-01
1.274837687365066197e+00
6.639512032956740306e-01
-1.700665851025747966e+00
-8.831741731319914246e-01
8.969471644686047296e-02
-1.046679226131541185e+00
6.996944406127161287e-01
1.446035065484787552e+00
2.000886684011219385e-01
1.804819363455950620e-02
1.272225401458337402e+00
-1.093512117633685499e+00
-1.557071327788825066e+00
-1.494278139719289911e+00
-4.940792289250137692e-01
7.096075189019190876e-01
-1.551337098234415679e+00
-3.675830629233349800e-01
1.024921600193686499e+00
6.307113499836100035e-01
-7.946816986720597331e-01
-6.221071560170512993e-02
8.136486406236048685e-02
-5.763837416999578744e-01
1.669935941083084407e-01
2.269074170869254115e-01
1.337109615543853769e+00
-4.870926391561796187e-01
2.441945461148523400e+00
2.439047962719299578e-01
-1.453807400929824967e+00
-8.948525494098302779e-01
1.552822481768731055e+00
7.501332189448374210e-01
6.689448408704832261e-01
-1.805567808146146258e-01
-2.249344961500099771e+00
-4.133065891055843766e-01
-3.456385463371966504e-02
4.770593453157077890e-02
9.531118868562239443e-01
-5.564650878119621336e-01
4.592198781347201497e-01
1.428219315278735080e-01
1.003134598785288212e+00
1.099682453714641683e+00
3.286341262970721377e+00
4.007681653762013574e-01
-2.899891803416079772e-01
-2.226851290788281368e+00
-1.807202578196984988e-01
-1.495217980123944024e+00
1.088249146742737983e-01
-9.060559537279615494e-01
1.361532170513690909e+00
2.485326824777155386e-01
7.937092217841081876e-01
-2.006018871821198868e+00
2.732920373502228939e-01
-9.017268302647104550e-01
7.154077047703492065e-01
6.684518382156751093e-01
2.634263785663157886e-01
-1.830723396823315863e+00
9.809694801103477912e-01
1.359122348492231014e+00
6.279874788912898076e-01
3.649692120431861642e-01
1.020412788581919195e+00
-8.621705291900877421e-01
-1.362875615361935022e+00
6.329642168091321741e-01
-2.146222529845302596e+00
-1.051127599378839789e-01
1.215169337524747650e+00
2.105718830328628943e+00
-4.053345483724734022e-01
1.132318741738467249e+00
5.950187090075058638e-01
-1.995976788012729375e-01
7.536276545617638378e-01
-8.481388356784924643e-01
1.220838960328423317e+00
1.651785333838765357e+00
1.545510249773002887e+00
4.716631671225878231e-01
-1.855043139867988300e+00
-6.249999097915420743e-01
-2.790344276190702064e-02
1.918161157583416321e+00
6.941036720058922915e-01
-1.985395458987525119e+00
-2.284630101109792921e+00
7.957761105765922549e-01
1.088781778663284294e+00
-1.569989161453488324e-01
3.103993096929030249e-01
-1.565361929622923198e-01
-1.517792550292266895e+00
-1.716060652585285506e+00
7.493395860550629284e-02
-9.461853499333835460e-01
-1.962470715255401066e-01
1.960216835913136446e+00
9.189734916407291676e-01
4.774039946194846284e-01
-1.128282388052610719e+00
6.240079299616413389e-01
-5.467670090787397630e-01
-1.628396231747810230e+00
-8.695189297241268100e-01
-8.114082096012240619e-01
1.901505692996601438e+00
2.417194169263395809e-01
8.404438232214600513e-02
5.421028475042906081e-01
8.068178674168605125e-02
6.373752793167677400e-01
1.410301006056585704e+00
-1.786803444374529981e+00
1.495913493637892833e+00
1.277776745577362982e+00
4.742792728068179198e-02
-1.357335269251694621e-01
-2.781015254817525428e-01
-8.215798122901055711e-01
-8.413497642887447503e-01
-2.420241785221909914e-01
-2.132041535327539705e+00
2.739123325071099124e+00
-1.623695281975684468e+00
-2.250878014768093252e-02
-1.058720901470523001e+00
2.219531176815775497e-02
2.456943288970160899e-01
1.626338129143713562e+00
-1.941707976148438597e+00
5.122640110292827620e-01
2.262455466002536664e+00
1.189983649213420258e-01
1.943566670979864630e-01
