

gen best mean std best_sol
0 33.242564 -2.90679 12.071962
1 33.24184 2.215955 13.506739
2 33.018605 6.374807 12.135108
3 32.95499 12.046883 11.856327
4 32.635913 17.062328 9.894044
5 38.704131 25.656668 8.27426
6 38.689233 26.589087 10.545192
7 48.220479 36.256283 6.962746
8 48.235593 38.934303 6.157838
9 48.239564 39.512962 5.566021
10 48.220479 34.062653 14.255108
11 67.360093 41.425015 9.861823
12 67.321416 43.462133 8.576267
13 48.220479 38.609149 9.393412
14 43.149788 34.102715 14.767112
15 43.086501 36.011433 7.795675
16 42.773644 35.862879 9.059551
17 41.676751 34.814772 7.950063
18 42.877834 37.63775 4.589769
19 42.813334 38.104884 6.209395
20 47.238679 41.881057 3.099346
21 47.177281 37.982062 10.229698
22 47.265431 39.160276 6.896092
23 42.813334 36.813938 11.027888
24 42.880276 40.288629 1.65887
25 46.321866 41.808932 2.687011
26 50.012066 42.933301 3.429353
27 46.321866 39.146451 11.765484
28 46.342994 39.916824 9.49633
29 46.321866 42.329075 2.757403
30 46.372418 42.963879 1.832728
31 46.332689 42.959906 1.825363
32 46.316319 38.737701 11.631593
33 42.880276 38.760704 9.036679
34 42.794646 35.189583 13.164112
35 42.716738 35.185473 14.546861
36 42.698854 36.694124 8.705816
37 48.583635 40.406072 3.812974
38 42.698854 36.24389 10.11828
39 42.395621 33.838089 13.253981
40 41.676751 31.994596 11.88859
41 40.97462 28.201261 15.023299
42 40.81255 26.956592 14.091004
43 46.528091 32.282742 9.746349
44 46.515525 32.281485 9.744513
45 40.81255 28.672308 10.461578
46 38.754905 24.115446 13.811699
47 38.300914 23.229901 10.318017
48 36.265631 23.571652 12.417225
49 42.574641 34.649658 4.85823
50 46.769769 40.238079 3.761093
51 52.443889 45.028603 3.250927
52 52.451397 45.326741 3.078345
53 52.440944 45.866505 2.888146
54 52.448305 45.867241 2.889822
55 52.443889 45.866799 2.888816
56 52.443889 46.55037 2.745294
57 49.034971 42.615001 11.585262
58 47.472991 41.304703 13.203106
59 47.472435 41.711725 10.139927
60 47.476897 44.813623 2.126784
61 47.471265 44.81306 2.12608
62 47.473583 44.816771 2.121386
63 50.553459 46.336009 2.269675
64 50.569834 46.763611 1.960541
65 61.260616 50.802861 5.39295
66 61.259364 50.802735 5.392707
67 61.256765 49.857426 4.010732
68 61.256765 50.216897 3.909926
69 61.264176 50.217639 3.912019
70 50.723928 45.280727 11.206704
71 60.92342 50.532196 3.679148
72 60.944487 50.534302 3.685098
73 50.723928 48.131807 4.970634
74 54.840411 50.276356 1.700314
75 54.845892 50.276904 1.701785
76 50.723928 44.220907 16.761497
77 50.674264 44.866079 9.682624
78 50.630469 44.714676 11.883853
79 50.569834 42.947319 15.995719
80 49.294078 40.594564 16.234359
81 49.28196 37.246217 17.910795
82 49.168843 34.746488 16.747111
83 48.976353 31.21281 17.917849
84 48.905455 29.26834 14.876081
85 47.548508 24.768163 16.155392
86 47.222858 25.283816 14.807054
87 43.202979 22.67409 12.950205
88 41.250659 20.719025 10.961617
89 26.023463 21.089609 3.067751
90 23.814105 21.537707 1.528479
91 42.18733 24.197746 6.135783
92 42.33505 24.212518 6.1791
93 42.322221 25.631868 5.839876
94 42.240208 26.054673 5.631986
95 42.216665 26.382624 5.431475
96 42.216665 26.382624 5.431475
97 42.167297 26.377687 5.417084
98 28.136755 23.856325 3.542248
99 44.563742 26.9075 6.041944
100 42.443019 28.548829 7.039
101 54.755412 34.73089 11.992966
102 54.685751 34.007698 11.274421
103 52.348218 33.895291 10.715909
104 55.040994 42.136988 7.631578
105 52.348218 42.233591 5.243318
106 64.458249 47.635778 6.662635
107 52.348218 43.231018 9.76815
108 52.351789 45.833261 3.614376
109 52.40831 46.104777 3.403082
110 55.253827 47.398286 4.104255
111 52.40831 45.780631 3.870538
112 50.041141 46.037177 2.51778
113 49.170194 41.029747 13.853133
114 47.58921 42.332903 9.039623
115 47.050444 39.493575 15.228668
116 47.000602 42.046522 4.941889
117 46.506673 40.688466 5.216214
118 48.538911 43.313099 2.948345
119 46.506673 42.313335 2.696611
120 44.512257 41.576003 2.445583
121 44.475559 37.149432 13.604931
122 44.373493 35.920617 11.184673
123 48.1891 39.886817 7.026894
124 44.373493 41.911178 1.774417
125 46.173035 42.889725 1.572366
126 46.10599 43.233556 1.406123
127 48.312699 43.890842 1.9753
128 60.418588 47.181458 5.769248
129 60.481462 47.387574 5.643126
130 60.319988 47.883419 5.605888
131 60.706183 50.718134 5.900855
132 60.736013 52.505698 4.762708
133 60.736013 52.82934 4.473607
134 60.567022 54.985473 3.700666
135 60.553663 55.795171 3.236404
136 60.319988 56.238679 2.797825
137 60.310221 56.37756 2.255062
138 60.243079 55.745494 4.345111
139 60.324808 56.746947 2.247827
140 60.297179 56.744184 2.24344
141 60.289075 57.347813 2.294279
142 60.291655 59.071447 1.414748
143 60.303131 59.528783 0.900074
144 60.49187 59.923349 0.728305
145 60.458437 59.920006 0.72576
146 60.357123 60.273939 0.044589
147 60.357123 60.298657 0.034148
148 60.509328 60.329385 0.066593
149 60.47559 60.365725 0.06042