3.411661032726767573e+00
-1.345316149793562177e+00
1.093749234444077123e+00
-1.319931577908376674e+00
3.194816515129393353e-01
2.850079254877325163e-01
5.078578727933700243e-01
-1.667596504334952545e+00
2.392725467138233364e-01
4.804885697746106743e+00
3.568267552638331175e-01
2.175039287985436331e+00
1.645409469778900569e+00
7.820995085942332725e-01
-2.151617189662407448e+00
-7.098235068040829709e+00
1.166185516062632654e+00
-4.102565943405894977e+00
4.284790086248806418e+00
-6.861431301288570261e-02
-1.196121929428054065e+00
-3.228614609742637143e+00
-6.156905868855965025e+00
9.040871926474657982e+00
1.031053477202594593e+01
-3.941350709923733930e+00
-4.611018383928470188e-01
2.774976477652186801e+00
-4.041709483697824901e+00
5.942114485338460206e+00
1.562982196610140928e+00
-1.488911740302983455e+00
-1.044972091053235907e-01
-7.410207194983987611e-01
1.989057215165799253e+00
-5.051711645676963514e+00
-1.689877904785980212e+00
-1.438213756247358255e+00
2.467152386365350503e-01
-1.971956048561470221e+00
4.696277522665391335e-01
5.234328865293404576e+00
2.776090478182641874e+00
-6.993352987978949109e-01
3.594856447489742646e+00
-2.715557571425074812e+00
9.268521606008498281e+00
2.718686705767591860e+00
7.337732964982258688e-01
-4.105780208539817622e+00
-4.508179451491881373e+00
8.299989504334724932e-01
3.946751895608016536e+00
7.472183916445193752e+00
3.381321058756185938e+00
-2.030309745443582781e+00
-4.578424094977994407e+00
1.482454881053880680e+00
5.502269882396420897e+00
-1.037814304716775604e+00
-1.292536413076765811e+00
-5.396989983827612747e+00
-3.559741999769464815e+00
7.706118101340326376e+00
-8.141763273649433863e-01
-6.973469977704311873e+00
-1.254066744374001452e+00
2.972394642846039048e+00
-2.593604994635438032e+00
-2.850872135909367167e+00
-8.552523821935775761e-01
-3.723513229898903099e+00
-7.361899508259516223e-01
1.227486538712163844e+00
2.869332025197499081e-01
4.585444798541753464e+00
1.930941875416374964e+00
-1.573273804944186782e+00
-3.197070289735648441e+00
3.991302632720377552e+00
-1.191062773648577267e+00
6.316192358906999038e-01
-2.366395700789946321e+00
-1.598370414787190441e+00
-7.715572453908116080e-01
-7.051122550470164008e+00
5.135738833452792029e+00
-7.005534411350469171e-01
-3.547417182820790771e+00
7.029264794395341909e+00
4.535964746523573066e-01
9.728559824965707037e+00
-4.471663746468700573e+00
-3.632728705483529108e+00
1.331401328437170850e+00
-2.874811670871488367e+00
-1.839640021673615955e+00
3.720311662883991399e+00
-2.936984884355498870e+00
-3.312704852535136357e+00
-1.739588553122013437e-01
2.980261459219475828e+00
2.460288981121688590e+00
5.776965790727385475e+00
-4.441246848371762646e+00
1.062622195604073366e-01
-3.985268776382062672e+00
1.344773901984291919e+00
4.604037623280897051e+00
1.347295228303973802e-01
7.181354793802913861e+00
-5.829713230584733230e-01
1.544354137376859670e+00
-4.822015497158983699e+00
-5.166740042471028360e+00
5.604013973308084040e+00
8.069816344052217483e-01
2.800722938298932707e+00
3.935668567345370850e+00
1.552300076745652513e+00
-2.129426544382857944e+00
9.538522479485188610e-01
5.740276569766064041e-01
4.503202543513352474e+00
8.485826908876490382e-01
-2.012571795287227516e+00
5.720195269242572600e+00
-2.983450555775333690e+00
7.833491206518490291e-01
-2.755156666219882755e+00
-1.414695583117612898e+00
3.960976697513844069e+00
-8.909672772029241017e+00
-3.242299654140677667e+00
-1.245304204596491715e+00
-6.311342814368280374e-01
8.523541651930917951e+00
-2.457790512077416611e+00
2.613667050866776975e+00
1.321625735595556961e+00
5.647103024616624722e+00
2.509936189183376243e+00
1.296031567644238436e+00
-3.472197719757305734e+00
-3.675737155430488290e+00
-1.029633825560579252e+00
-5.814754330558905338e+00
-3.651981534804890739e+00
-4.489687024685568240e+00
5.399910383349102005e+00
2.122162667306919936e-01
-3.432289738365570830e+00
-2.919913847922935846e-01
-3.132725497252911939e+00
-2.821861810094834944e+00
1.438358381562815591e+00
1.033934558591955044e+00
-2.724516389994746213e+00
-3.454345251258593041e+00
-2.856847907568760725e+00
6.734507861181681321e+00
1.546356436839720683e+00
-5.745802297169937845e+00
-8.667442715858280522e+00
4.412754776876011142e+00
6.962237294057095349e-01
7.465159742674381427e+00
-6.394324311612623823e+00
2.294158231505937007e+00
-8.571481426460491049e-01
-4.237884459737029652e-01
3.039528841103929402e+00
5.222529542421693732e-02
2.381571365896731240e+00
1.413550777835637762e+00
5.384513619681448038e-01
8.316155669244298387e-01
3.194412662625955246e+00
-9.777088395487861794e-01
-7.349665641505130718e-04
2.636372283604984101e+00
5.134062658966634274e+00
-3.559673668903163835e-01
6.276359851442990134e+00
3.852522201787767830e+00
5.554149911019020003e+00
1.028258097237023216e+00
-9.765040699661375001e+00
5.404016911078418639e-01
-7.148401018427078847e-04
5.547874190240376535e+00
8.588417821265921237e-01
2.295385595238002896e+00
2.583807705651882447e+00
-1.066256844524797964e+00
-1.039775446944397830e+00
-7.319089685916038590e+00
-3.510384020533837024e+00
1.083604240261073937e+00
-1.159328577662436688e+00
-6.813929766459722259e+00
2.116195023568547828e-01
-6.657789597348173771e-01
5.413056409389971346e-01
-6.614463302637895836e+00
9.737779631194790619e-01
-6.888943182051832093e-01
4.071288143802369142e+00
-3.976183959783720745e+00
-5.745855723054192232e+00
-2.553833293291852158e+00
-5.722499944565829111e+00
4.379303862906724021e+00
-5.219283819147611858e+00
4.752282069942682874e+00
3.013148768555414581e+00
5.839067040852475188e+00
-1.165558649870312991e+00
6.680862942789356218e+00
-5.231654561748980470e+00
-7.272338350668644535e-01
4.800422641612745345e+00
2.711868797117117147e+00
8.294495289505382507e-01
1.248483711413883451e-01
4.881485670052257753e+00
4.670028324027841564e-03
3.974288378353055817e-01
-6.100839933673633197e+00
3.066084827566176507e+00
-1.742651193520372566e+00
3.512152555631598894e+00
3.680577667840990497e+00
1.487919523919501774e+00
4.678515691288768430e+00
-7.658661681417552103e+00
2.447887633431820920e+00
7.600567407240169659e-01
-1.897963708911938330e+00
-6.773033536994675252e+00
2.347780824593213911e+00
3.745352923384477783e+00
-3.875286437816736651e+00
-5.279726419496262757e+00
-4.053213680730323176e-01
9.091891639108755641e-01
-5.446386396628962068e+00
-2.664940268874128826e+00
1.674038561568621519e+00
6.335770171925547700e+00
6.181330033003272773e-01
-2.700999972039367591e+00
5.406134166771463079e+00
1.884273290859839856e+00
-1.012035191218324393e+01
2.294059942282377307e+00
6.895108359316236779e+00
9.480222933611495151e+00
6.899359831939681165e+00
-3.828229993414770771e+00
4.542836822954257947e+00
2.121993802198553603e+00
-4.279057209811191753e-01
-2.135134415990647128e-01
-2.412534808809401188e+00
