

gen best mean std best_sol
0 8.257794 -2.102298 4.975046
1 8.257794 0.889512 4.85557
2 15.657548 8.482816 4.730702
3 15.657548 9.282349 3.979377
4 15.657548 9.325428 3.94553
5 15.657548 9.743891 3.822269
6 15.657548 10.565425 3.875912
7 15.74909 11.510502 3.872433
8 15.74909 13.400657 3.095611
9 15.74909 14.192835 2.508328
10 15.74909 15.723912 0.03891
11 15.74909 15.74909 0.0
12 16.292813 15.803922 0.162969
13 16.529509 15.885006 0.26841
14 16.529509 15.885006 0.26841
15 16.529509 15.886527 0.267678
16 16.292813 13.419722 7.187876
17 16.882059 15.954004 0.355513
18 16.882059 15.991055 0.336775
19 16.882059 15.992664 0.335724
20 16.292813 14.009014 5.722231
21 16.071309 14.983471 2.625707
22 17.147276 16.135547 0.5099
23 17.147276 16.19742 0.506955
24 17.147276 16.19742 0.506955
25 17.147276 16.19742 0.506955
26 21.125031 17.173005 1.38874
27 17.147276 14.487302 6.754086
28 17.164351 16.776937 0.458134
29 17.164351 16.844157 0.358187
30 31.661805 18.460231 4.40464
31 31.585432 17.305509 6.618778
32 31.585432 18.788769 4.335773
33 23.541481 19.120811 2.650951
34 24.471322 19.865788 2.982391
35 24.141999 18.178786 8.427499
36 27.916084 21.832214 2.908751
37 27.916084 23.823368 2.830214
38 27.916084 23.973767 2.640248
39 27.587758 23.213772 3.300485
40 27.587758 21.569204 5.544939
41 25.60021 19.20642 8.770821
42 24.141999 18.286798 8.535669
43 23.541481 16.177114 12.004436
44 23.541481 16.993297 9.370589
45 22.777634 16.205558 9.122388
46 22.777634 18.88897 2.761949
47 24.201982 19.739993 2.950375
48 33.157145 21.539258 4.636556
49 33.157145 22.300378 4.349819
50 33.157145 22.300378 4.349819
51 33.157145 22.300378 4.349819
52 33.157145 22.300378 4.349819
53 24.201982 20.699169 2.687047
54 24.032696 18.710145 5.37511
55 22.777634 17.394288 6.471571
56 21.735422 16.293216 8.798108
57 21.352421 16.519087 7.709064
58 21.19575 19.35172 1.65096
59 20.916712 16.808909 8.047056
60 30.449115 20.823453 3.37108
61 30.449115 20.823453 3.37108
62 24.247889 17.768719 8.48974
63 24.247889 20.083271 1.948834
64 20.916712 18.237061 4.369996
65 28.610237 20.909265 2.60629
66 28.610237 20.909265 2.60629
67 28.610237 20.912445 2.604767
68 28.610237 22.280849 3.00199
69 28.610237 22.482327 2.882645
70 25.69242 19.980764 5.828491
71 25.69242 19.370672 4.72612
72 25.69242 21.232172 1.568936
73 30.65596 22.328348 3.147094
74 38.425793 24.128644 5.675633
75 38.425793 25.215839 5.781557
76 38.425793 25.974547 5.42281
77 38.425793 29.317797 5.847592
78 38.425793 30.756649 4.805593
79 38.425793 32.300377 3.761027
80 42.697072 33.868549 4.438709
81 42.697072 33.982778 4.314775
82 43.696122 35.441321 4.852949
83 43.696122 36.100632 4.320085
84 42.697072 33.321122 10.513254
85 38.819372 31.42075 12.464186
86 40.663815 36.902431 1.80134
87 40.663815 36.902431 1.80134
88 40.663815 37.297524 1.741121
89 40.663815 37.300555 1.736959
90 38.819372 32.556456 13.704059
91 38.819372 36.390507 2.445135
92 38.819372 37.05908 1.168713
93 38.805476 34.85591 6.106968
94 41.897633 37.366906 1.817259
95 41.897633 37.511585 1.67294
96 41.897633 37.511585 1.67294
97 41.897633 37.820992 1.728005
98 41.897633 37.820992 1.728005
99 41.897633 37.820992 1.728005
100 41.897633 37.820992 1.728005
101 41.897633 37.820992 1.728005
102 41.897633 37.820992 1.728005
103 41.897633 37.820992 1.728005
104 39.515955 35.700885 5.114084
105 38.805476 35.422337 3.697412
106 38.425793 31.77602 10.423988
107 36.617922 29.010564 11.713102
108 36.610994 28.018646 10.708274
109 36.610994 26.135641 12.936738
110 38.519114 33.896388 4.358008
111 38.519114 33.940241 4.27691
112 38.519114 35.707998 2.837166
113 38.519114 34.16654 5.142242
114 40.728331 36.232773 2.568375
115 38.519114 33.875875 5.949798
116 40.728331 35.66492 2.627176
117 40.728331 35.683778 2.599264
118 40.728331 36.236166 2.307155
119 40.728331 36.236166 2.307155
120 40.728331 36.236166 2.307155
121 46.885859 37.84195 3.436724
122 46.885859 37.84195 3.436724
123 40.728331 33.740109 9.436292
124 37.91084 34.560564 3.838392
125 37.424628 31.171662 10.046648
126 36.610994 31.745359 6.958463
127 36.583534 28.195077 12.455319
128 36.583534 28.362131 11.84981
129 36.558085 25.677042 12.835711
130 37.393126 31.873192 3.76611
131 36.558085 28.001394 13.570758
132 36.848158 33.307092 2.183181
133 36.848158 34.069379 1.674762
134 44.670019 35.348773 3.453154
135 41.458414 36.605101 2.848836
136 43.588972 37.688509 3.215141
137 43.588972 38.497977 3.316564
138 43.588972 40.015034 2.832294
139 43.588972 41.071492 1.387631
140 43.656411 41.488042 1.473216
141 43.656411 41.488042 1.473216
142 48.511105 42.684309 2.251411
143 48.511105 42.684309 2.251411
144 48.511105 42.981408 2.013607
145 48.511105 43.146659 1.896326
146 48.511105 43.146659 1.896326
147 43.656411 42.396664 0.838127
148 43.895471 42.733651 0.680773
149 44.693706 43.008624 0.842415