5.024665427015351327e+01
2.093229193551061584e+01
-1.213387071016555439e+02
-4.014744757227192906e+01
7.719695165333892994e-01
4.274208848540875572e+00
4.466384194503324068e+01
-1.445942561988010482e+02
1.241486485953924443e+02
5.206171236636350130e+01
3.814711398880455562e+01
5.042997743872535921e+01
8.689605340217927409e-01
7.852052032707730689e+01
7.183083555176791890e+01
-5.915466164802118954e+01
9.102426014017572342e+00
-9.687092157082362576e+01
-6.409843339287812114e+01
1.585682603147511038e+01
-1.228352497545560595e+02
-6.394000924033530708e+00
8.181318329631355368e+01
6.612349460656743361e+01
1.817214338318339912e+02
6.848312666241318425e+01
-1.038232156282138874e+01
-5.561195369289933410e+01
-1.400450045571844555e+02
-5.672361464152569965e+01
2.545848571459942988e+01
6.517154602847465128e+01
3.777275250114976224e+00
-8.484838871223757906e+01
3.554991044870267558e+01
3.015306271134071636e+01
-3.580250321407226721e+01
3.974201717668886147e+01
2.381768964995349336e+01
-4.373886995237597830e+01
-5.595490638769096137e+01
6.035901237263794883e+01
9.400206681280508292e+00
-1.146326794651729841e+02
-1.561382232169792985e+02
-5.605050274451096470e+01
3.715526026184618757e+01
-1.104145621552734990e+00
1.446085601401107645e+01
-2.099281775066115188e+02
1.648923828915586043e+01
1.173845096048597725e+02
2.911743099063259166e+01
-5.144461702391949842e+01
1.582979755618529438e+01
2.885457635060348736e+01
1.941052180382284575e+01
9.509311463243658835e+00
1.060255376147253799e+02
-8.382733879787222619e+00
8.237275560561441523e+01
1.080560362106317314e+02
5.386978496540956485e+01
-1.099856962492206094e+02
-7.283662220756134786e+01
-1.232465278759704859e+02
-8.689649025813274363e+01
2.689117075689622283e+01
1.526768497478535380e+02
-6.851691858283358272e+01
6.818018304813328712e+01
6.796526898047859788e+01
2.860526562795315897e+01
-1.993429879111813108e+01
4.173057356291454312e+01
-2.482980062275108679e+01
-7.245307035520959005e+01
4.454650134154570118e+00
-2.042492283896106287e+01
1.191142729428238738e+02
6.621241965129316043e+01
1.015651861646498446e+02
2.253372303638920826e+01
-1.158093872734660401e+01
1.456153445149640113e+01
3.541431611124058065e+01
8.646231714225594089e+01
-1.019637198519268821e+02
3.567089745292299341e+01
-1.297745172482666121e+01
-7.594296991785800799e+01
3.435430294690368669e+01
1.010686561506443724e+02
1.145478020335453948e+02
-4.873566505808711646e+00
1.775092826974025684e+02
7.121851629008899920e+01
-3.528661909353351689e+01
4.220335264194423530e+01
-4.028173942628860260e+01
1.427557199482368588e+00
6.005983613443182634e+01
1.330244292461121915e+02
-4.189192606067617675e+01
-2.297352046332625264e+01
-1.552728386365384381e+02
3.811339267384332175e+01
-5.828687728272733892e+01
-8.793807475971492593e+00
-8.277266589810753317e+01
-7.574840991285107350e+01
-1.799645389510314786e+01
7.704410348168299549e+01
1.150933061499441408e+02
2.142841891609659299e+01
7.992880341392594801e+01
-7.157594695394237760e+01
-1.457796570914986845e+01
-1.078425996147785213e+02
1.532621155077620188e+02
9.582744720428957308e+00
1.046174211169279999e+01
1.112278876338242668e+02
6.063034966490767630e+01
-6.242559449366397217e+01
2.300822595113874769e+01
-1.508150100575144847e+02
-3.876464953088669319e+01
-1.235645457591732850e+02
-2.101873558465783844e+02
-2.242385860342468789e+02
-1.480096569927133316e+02
1.478590179894161167e+02
-2.061936765824534490e+01
1.450533127628409886e+02
-1.344534420585007126e+02
1.182962639318400200e+01
-5.283446066688008536e+00
1.385257399268332179e+01
-5.898501759005409184e+01
-1.747607733512741390e+02
6.322781885575853522e+01
-5.907896070017894630e+00
2.008538748851889011e+01
8.817161982525078656e+01
2.788436058281119756e+01
-1.029941009135613257e+02
1.054604724332172516e+01
-2.294422079555382155e+01
-9.546187410838871301e+01
5.485560362124270029e+01
8.265665654257604800e+00
3.280222808482646712e+01
7.669387670326335638e+01
-8.910419405468731568e+00
-5.172915212780020511e+01
5.767364080169741669e+01
2.904639286916643570e+01
-9.625606841603315900e+01
1.345565379271088489e+02
1.944577213903083646e+01
-2.864273546913653590e+01
-3.713979909871358842e+00
-6.630086691833275836e+01
-7.308941435542958232e+01
-1.077582215755200394e+02
-7.039577376085313176e+01
-6.213762320548360663e+01
1.798539639913239796e+02
-1.727592268260996207e+02
-4.878335370393016035e+01
-1.044249083294574376e+02
-4.508293030473036822e+01
8.885721796438678766e+00
-2.672109779524861040e+01
-1.206742674167048506e+02
7.917063803163613045e+01
-5.585074713158346782e+01
-1.488771727388066495e+02
7.423917503945190788e+01
-5.443503228341273825e+01
-2.665328897259211658e+02
2.575018977948411703e+01
4.268615864107385960e+01
1.277128721618836238e+01
9.060811797069041518e+01
-7.376762599748203364e+00
-5.814776215503535184e+01
1.838291019452541164e+01
-9.913852722938278816e+01
6.077898785889654931e+01
5.020728472570763490e-01
-6.593339642686964908e+01
-4.801054285848852032e+01
4.349833838884811144e+01
1.593540804042096966e+02
-3.887470499174892780e+01
5.157188577965016663e+01
3.261416476973217016e+01
8.159518200680500399e+01
-6.290791370534292071e+01
1.013602106196801174e+02
-4.731183206636783467e+01
1.385790545353316929e+02
-1.103230843517966964e+00
-1.403410841972854826e+02
-2.018963764664048455e+01
-9.292879453276917445e+01
-1.093518278772173034e+02
2.174401400744855906e+01
-1.383410943269476832e+02
1.687185190176516016e+02
3.290994682890080458e+00
-5.824745928304582776e+01
1.954318285660819399e+01
-2.549072683478949486e+01
-2.282593119446453613e+02
-4.026119956561676361e+01
1.770864820493728686e+01
2.736790342181996394e+01
-2.112003344639160787e+02
-1.518067156975426428e+02
2.453337115919753586e+01
5.571328008282160482e+01
-1.217036735425695468e+02
-4.204999217230344044e+01
-4.527521191256897026e+01
5.751814169402790000e+00
-2.032317258143684668e+01
4.036690433024170233e+01
1.183864415389801792e+02
-8.183779875410945692e+01
-1.233977887229709580e+01
-5.911240428197772623e+00
-7.416358937374349125e+01
1.299336177258294178e+01
-5.578345482587225490e+01
5.744891628514353954e+01
4.587306225729144415e+01
1.482731270992133545e+02
-1.008356547572795314e+01
3.937858687823373316e+01
-7.626059076308632712e+01
7.167086547610975344e+01
1.485611812238018103e+02
-1.191746716130438131e+02
1.717729073585007882e+02
-2.226882657959782108e+01
-2.859629614207213777e+01
-1.209044424996314326e+01
-3.989622948983990369e+01
-1.140231473108094207e+02
-8.149342622045946882e+01
7.145180031326678716e+01
-3.730466697905297480e+01
-5.599057386362353839e+01
-3.134422779111853785e+01
-4.228193000424719905e+00
3.643061574412398329e+01
-5.997707098956690430e+01
-2.264829872086587415e+01
5.783165238301322120e+01
-1.632372174264898135e+01
5.134374169907337659e+01
-1.119540149294793281e+02
