1.232007653501000988e+01
5.841549261786705749e+00
-2.761602078056778353e+01
-1.037562627705129792e+01
1.382921201656885479e+00
8.394225709416772707e-01
1.126656299245788873e+01
-3.435008205553335614e+01
3.059956166424176516e+01
1.107679996588362670e+01
8.763339470453585633e+00
1.044258770095796685e+01
1.101078075045897720e+00
2.089148298009482829e+01
1.856390244007422297e+01
-1.378175908234795877e+01
1.914738004419972439e+00
-2.146747803113008146e+01
-1.747685671170841104e+01
4.318201167587169209e+00
-3.048451498345503552e+01
-1.778249770870459212e-01
2.007502641999110793e+01
1.462242502472066441e+01
4.158442985263688740e+01
1.673430110967017015e+01
-2.936509016928398719e+00
-1.292375329300668696e+01
-3.512673157202321050e+01
-1.459506576398661615e+01
6.327397700067861841e+00
1.469202115883217452e+01
8.097150618983575132e-01
-2.098998326040208795e+01
8.617582364410829143e+00
8.730047495815746572e+00
-9.706526919954345800e+00
9.851395103512567530e+00
6.228795282678229128e+00
-8.621609594772376539e+00
-1.408338149149452256e+01
1.560660525753409722e+01
1.395079344930769238e+00
-2.726482218400702706e+01
-3.793407063493464193e+01
-1.349324999951721082e+01
7.319687022009738975e+00
2.215291575983494576e-01
4.313937116320849974e+00
-4.827964665963102675e+01
4.285765210856529173e+00
2.785771807877643269e+01
7.554168113904191628e+00
-1.131650678293052259e+01
2.718748392016068660e+00
6.912341840692699080e+00
4.493149897331244702e+00
3.140233391132662089e+00
2.643542935152876794e+01
-3.909071504653482965e-01
2.091799551528246326e+01
2.534569439285348480e+01
1.463243532532854552e+01
-2.679516819739383848e+01
-1.883364464808067140e+01
-2.922108989079499253e+01
-2.163277363090971406e+01
8.452586844146065204e+00
3.613371926412133917e+01
-1.634415523913293455e+01
1.676169836825377857e+01
1.635939050180618892e+01
7.349487565400108835e+00
-4.992358606340363991e+00
1.024746231145324415e+01
-5.753445007959283153e+00
-1.859346867558365801e+01
8.703316811264611985e-01
-5.715879348395401571e+00
2.855268925237803046e+01
1.472395249070468815e+01
2.291391423788662962e+01
4.918522516022685309e+00
-2.586858808750063687e+00
1.475144535514489874e+00
9.482359778243571569e+00
2.005311138213889066e+01
-2.379057375831426313e+01
9.283475126893815599e+00
-1.830309099662124295e+00
-1.775997555068767753e+01
8.726358600982766944e+00
2.362610115373171382e+01
2.721791263610710843e+01
1.191260470065427790e-01
4.397272763831183795e+01
1.789486349785902064e+01
-9.993641028409943061e+00
8.201707482869000643e+00
-1.049914993651323947e+01
2.067503017709327207e+00
1.528866739287358456e+01
3.106534288766362195e+01
-1.081298467264868179e+01
-5.809363947070051104e+00
-3.501723955125223853e+01
8.619584094255021256e+00
-1.251482007901599580e+01
-3.729889520294393357e+00
-1.820061694141387321e+01
-1.988160304221725028e+01
-5.112212878081050960e+00
1.774545738561654318e+01
2.729502435390744708e+01
4.112452764852919884e+00
1.936991213921713850e+01
-1.771552530430060912e+01
-3.558144262801365532e+00
-2.694439238505999867e+01
3.767061606509902560e+01
1.655151918315720172e+00
1.494717097777303438e+00
2.799237145116218173e+01
1.414246709106265953e+01
-1.528927355554585255e+01
5.888437392172814810e+00
-3.664650500165311797e+01
-9.024017339991216247e+00
-3.072841415388119657e+01
-4.987705810578268029e+01
-5.383509937704197057e+01
-3.416388827550800755e+01
3.616345039935757910e+01
-4.413991119123249263e+00
3.328043065876558870e+01
-3.201625520480580889e+01
1.506931063067454835e+00
-7.778618329581180602e-01
3.846462702354941587e+00
-1.280546318627927072e+01
-4.129944867256901375e+01
1.318328210547211654e+01
-3.881635747426674943e-01
2.855444874628184859e+00
2.075079978300899342e+01
7.330129901439644158e+00
-2.330419447567733116e+01
4.603048730847920211e+00
-4.653660111728351367e+00
-2.285062092589934579e+01
1.480844198725696259e+01
1.086007300767165784e+00
8.418167228365675214e+00
2.010669709545041073e+01
-2.800699257308013390e+00
-1.565463552193005548e+01
1.284727502212511041e+01
7.357713219788591275e+00
-2.181062222279715002e+01
3.219401750610921908e+01
5.577145640211297106e+00
-6.479428433489318628e+00
-1.072912548786413067e+00
-1.565868225013506532e+01
-1.674458597132284154e+01
-2.464321649292020666e+01
-1.747169911192758462e+01
-1.497091501029626848e+01
4.258227572534158156e+01
-4.227909300068760245e+01
-1.243323464040569171e+01
-2.357292242698808593e+01
-1.099785543807502819e+01
1.639799411269151852e+00
-5.286204357843443447e+00
-3.041125300862242398e+01
1.865996428710613841e+01
-1.132039784241546698e+01
-3.506654944892029846e+01
1.713919419611674400e+01
-1.217949766101338582e+01
-6.391870313208994503e+01
5.135838203939028901e+00
1.077220409710072424e+01
4.931171737723933468e+00
2.251476867977380181e+01
-2.126581767852647964e+00
-1.583940004780253297e+01
3.852033977440243895e+00
-2.385881073130407515e+01
1.544056247629278467e+01
1.335212579551496859e+00
-1.404295013740945386e+01
-1.068583091389368356e+01
9.118702871487807116e+00
3.880508071277903070e+01
-9.786816513384243521e+00
1.445746058039943627e+01
8.189519241896125124e+00
1.949683299299399408e+01
-1.451430383713471706e+01
2.306047283906511680e+01
-9.100738058458857083e+00
3.140412732280792341e+01
-1.580839072943533319e+00
-3.380898329972498573e+01
-4.974790334461737906e+00
-2.089086430836366404e+01
-2.589590329110749067e+01
8.690366655839675047e+00
-3.322700255068848207e+01
4.020911771794764178e+01
7.939145266622386066e-01
-1.225485060814813032e+01
5.432875701287830594e+00
-7.777709428835673400e+00
-5.723910502750890572e+01
-1.023982293806175292e+01
3.059913777711544824e+00
7.595031732269099223e+00
-4.974504179329203879e+01
-3.696036638201955782e+01
7.519529751970805975e+00
1.257601150834243242e+01
-2.947973210869732341e+01
-1.125126032670911158e+01
-1.029564393895830676e+01
1.292227844074403498e+00
-5.149757969485160736e+00
9.155567385411867320e+00
2.765140686193910824e+01
-1.887789227463357022e+01
-4.066914480360656725e+00
-1.364161021940340390e+00
-1.706552254062710361e+01
3.620800466617933200e+00
-1.193163789670634678e+01
1.544324418161353840e+01
1.043676702660921762e+01
3.575001592731391753e+01
-1.985146783989804042e+00
1.097928011933157144e+01
-1.840706961075111892e+01
1.655557458735313148e+01
3.630732642705083180e+01
-2.945712479430169850e+01
4.094751371611505419e+01
-5.252785457190967122e+00
-6.890333945212925748e+00
-3.520044199964379228e+00
-1.038126412882605898e+01
-2.811474975955699662e+01
-2.054838167854464004e+01
1.717067690871062879e+01
-7.550911426183105846e+00
-1.382962266315995592e+01
-5.419742847653121309e+00
4.434975356560282300e-01
9.008531766400745155e+00
-1.432350143703421885e+01
-5.811600060537817747e+00
1.539772370494966758e+01
-4.008319858360054333e+00
1.073467957610644774e+01
-2.614672862780806639e+01
