

gen best mean std best_sol
0 19.176316 -2.463601 8.383779
1 19.178923 5.779844 7.379752
2 33.045235 10.826883 8.695754
3 19.178923 7.863639 4.87804
4 19.178923 10.933637 4.018614
5 42.781809 16.452701 9.533091
6 46.902106 23.992732 14.439214
7 46.893942 27.481011 15.282368
8 46.891281 25.341506 16.308692
9 46.781141 28.501111 9.504536
10 42.781809 31.539125 4.781492
11 43.626257 33.685697 5.131809
12 42.781809 36.081574 4.009088
13 40.828 35.845839 4.563322
14 40.76839 34.933006 6.387615
15 39.139315 36.746094 1.254888
16 43.177423 38.3336 1.93238
17 39.289157 38.506245 0.786726
18 42.85835 39.9679 1.631522
19 42.85835 40.331847 1.725503
20 55.769888 43.716452 4.905217
21 64.412568 50.220699 8.254507
22 64.371335 52.109193 8.367059
23 64.394259 54.4072 7.564801
24 66.90613 61.119081 3.4614
25 66.982375 62.78912 1.846849
26 66.967856 64.551058 1.686535
27 66.90613 65.307041 1.233863
28 67.388442 65.955221 1.295874
29 67.350463 65.564004 2.606713
30 67.973902 67.010071 0.347869
31 84.657502 68.8333 5.284169
32 84.659604 68.833511 5.284799
33 67.973902 63.799839 9.830718
34 67.164358 64.873579 5.929699
35 67.044315 66.665516 0.759875
36 78.984841 68.131502 3.618289
37 79.09144 70.524833 5.471502
38 78.988971 72.873641 5.907534
39 79.029778 74.624815 4.471523
40 78.984841 70.365861 12.071523
41 78.980019 71.213202 9.973291
42 78.564186 72.988802 3.301052
43 78.691276 74.168528 3.007054
44 79.002765 75.727539 2.944012
45 78.692588 75.15916 5.308272
46 78.749826 77.446951 2.217708
47 84.834383 78.810628 2.297355
48 84.77068 78.813858 2.264206
49 84.800332 78.816823 2.272011
50 84.798608 79.869833 2.459795
51 84.843037 81.142426 2.993366
52 84.843037 82.377421 2.980319
53 84.834077 84.188062 1.804459
54 85.092183 84.844371 0.091452
55 84.912273 84.801625 0.063861
56 84.912273 84.828317 0.046346
57 84.912273 83.009219 5.429436
58 84.907255 84.82023 0.036091
59 85.520747 84.924108 0.204866
60 85.578518 84.95409 0.213655
61 84.966023 82.254973 7.926264
62 85.92629 85.043107 0.300795
63 85.92629 85.063156 0.291847
64 85.940694 85.309663 0.387304
65 85.936185 85.309212 0.386571
66 85.930958 85.414337 0.323962
67 85.858046 84.331552 3.200793
68 85.855326 83.258889 6.360844
69 85.610856 84.6767 1.955495
70 85.523443 85.321816 0.152339
71 85.660863 85.40402 0.102042
72 85.660863 85.464905 0.12789
73 85.677604 85.573912 0.101104
74 85.660863 85.610304 0.048017
75 85.652695 85.601242 0.106029
76 85.652695 85.637176 0.012626
77 85.660863 85.647266 0.008401
78 85.658872 84.954061 2.092103
79 85.652695 85.648827 0.005573
80 85.652695 85.598023 0.15122
81 85.652695 85.647924 0.005604
82 85.652695 85.599872 0.148174
83 85.652695 85.646912 0.007586
84 85.676166 85.651708 0.00882
85 85.652695 84.987946 1.987191
86 85.650513 82.524918 9.289712
87 85.650513 84.951614 1.99729
88 85.650513 84.3506 3.862015
89 85.650513 85.641963 0.012014
90 85.650513 85.641078 0.015651
91 85.650513 76.37293 27.810709
92 85.650513 85.640289 0.011871
93 85.650513 84.970562 2.017828
94 85.650513 80.690926 14.851174
95 85.650513 85.594116 0.133645
96 85.676166 85.645318 0.012198
97 85.650513 85.600935 0.129363
98 85.650513 85.643619 0.00753
99 85.650513 76.911401 26.202583
100 85.658872 85.646923 0.006117
101 85.658872 85.646562 0.006744
102 85.658872 85.649464 0.005495
103 85.662737 85.652292 0.005468
104 85.662737 85.651105 0.008198
105 85.662737 85.654311 0.00464
106 85.658872 85.65059 0.009134
107 85.658872 85.65192 0.005716
108 85.669853 85.657319 0.006313
109 85.664632 85.608378 0.146167
110 85.664632 85.651448 0.018122
111 85.660863 85.655266 0.006902
112 85.671557 85.658734 0.005323
113 85.660863 85.612515 0.134421
114 85.660863 85.655946 0.005177
115 85.660863 85.656031 0.003381
116 85.662737 85.654321 0.010182
117 85.660863 85.653989 0.006482
118 85.659361 85.642445 0.039261
119 85.659361 85.652528 0.009382
120 85.658872 84.996768 1.965025
121 85.658872 85.605261 0.137748
122 85.658872 85.644939 0.013457
123 85.652695 85.600619 0.147603
124 85.652695 77.488884 24.479628
125 85.664632 85.653585 0.005362
126 85.660863 85.65411 0.003437
127 85.660863 85.654328 0.003267
128 85.660863 85.654243 0.005075
129 85.660863 85.653759 0.006172
130 85.660863 85.65407 0.007785
131 85.67768 85.657643 0.007612
132 85.67768 85.655223 0.011604
133 85.67768 85.660471 0.00704
134 85.664632 85.659166 0.00447
135 85.664632 85.661994 0.001728
136 85.664632 85.661994 0.001728
137 85.664632 85.659414 0.00702
138 85.664632 85.657185 0.009969
139 85.664632 85.658756 0.010229
140 85.664632 85.658379 0.010074
141 85.664632 85.65952 0.005401
142 85.67768 85.658559 0.014653
143 85.664632 85.658379 0.010074
144 85.671557 85.657726 0.015825
145 85.664632 85.662371 0.001847
146 85.664632 85.660274 0.005785
147 85.664632 85.661617 0.001508
148 85.664632 85.658379 0.010074
149 85.664632 85.657254 0.013422