1.145291523280210733e+01
-1.661321841663771171e+00
9.141736450459292840e+00
-5.552067478022984837e+00
1.744342956461871541e+00
1.282155468443769841e+01
1.711910319391279356e-01
-5.490084240859752995e+00
-1.617402375706353013e+01
-1.763754896681841799e+01
1.796665475671322554e+01
5.353690157718381748e+00
-3.990398832220747316e+00
1.863620034653816404e+01
-9.324646557263136515e+00
1.006221985264665086e+01
7.348862206335772029e+00
2.053739353537010093e+00
-2.911930128445871624e+00
6.825522620680686714e+00
6.180298127194844504e+00
7.107612343907649954e-01
3.740266505596696156e+00
2.497794571418672505e-01
7.448834782266264831e+00
8.074984413435565500e+00
1.483181931900073103e+01
-2.439292966905594717e+00
-6.464157687230386307e-01
5.764808156220786906e+00
-1.043053762121356165e+01
9.706962288447355647e+00
-1.609082887515176452e+01
2.747226456476240752e+00
-1.033581996238807577e+01
-1.762252591565003135e+00
3.403711242008258253e+00
1.074307363509414248e+00
-3.854561365153696073e+00
1.900154995015047277e+01
9.026635984484149944e+00
-1.824263902992528230e+01
5.257979707890200194e-01
-1.757989743223993173e+01
-9.776974868273494712e-01
1.243966104637611592e+00
2.956796038877187449e-01
8.794871387642503535e+00
2.358641271136197304e+01
-5.404227910308538885e-01
-2.949812473705178295e+00
6.245890875560774269e+00
-2.004813455952846546e+00
9.076897197109818904e+00
-1.938664143601886991e+00
6.574252178001085412e+00
3.421122848326872301e+00
3.321509932112084673e+00
5.032449776410882869e+00
-6.947432596076098754e+00
1.239645193075332585e+01
1.679848696871030445e+00
-2.414917850010042333e+00
-2.645804009872194662e+00
4.023542409941279097e+00
-1.083888790205030439e+01
4.003927363045153065e+00
7.634481263204537349e+00
8.624283742232503158e+00
-4.261387210646151225e+00
-1.116580452408117274e+01
8.225015301673350265e+00
1.490412440332789412e+00
9.221123816864647438e+00
-1.803603347905363349e-03
9.064154440605236118e+00
-5.181605148067528477e-01
7.752694310940158040e+00
-1.120428259487522338e+00
-6.501192190985084274e+00
-1.406378575063817671e+01
1.361527458145317127e+01
3.608705514454151886e-01
-3.062133069059621349e+00
5.948201564168231315e+00
1.734343187266201625e+01
2.298007740951462541e+00
1.249584055718426567e+00
4.589547296326819681e-01
-1.217136851595399882e+01
3.834904017294558098e+00
3.533460905313117739e-01
3.446713386145787705e+00
-6.734201849824035691e+00
-9.236858161476940055e+00
-2.143636363255664534e+00
4.282652633024763844e+00
-7.181428147706642839e+00
2.459147765362767757e+01
-1.145708676851080465e+00
-8.500236310856955413e+00
-1.809144016999583826e+00
1.973414521856464154e-01
4.095941310267268598e+00
2.457444273909256083e+01
1.502306217298614754e+01
-5.688098844266265885e+00
-5.927848225565396589e+00
-5.770388202106333519e-01
-6.006763058882723660e-01
1.187792192700953287e+01
-1.038846032307707112e+01
-1.785027902456420534e+01
-5.112944454308130382e+00
-9.191804561024779829e+00
8.292517796438635402e-01
5.279025244465084477e+00
9.007850403432128061e+00
-2.654587321298178537e+00
1.871322006319889653e+01
1.885336414133267269e+01
3.044996914795326859e+00
-2.249415950547643561e+01
-3.891424739076458916e+00
-1.377999143915432967e+01
-1.278467026576888443e+01
-6.351429469996342725e+00
-1.735797203554681900e+01
-5.668393776190687738e+00
1.517356470394349266e+01
-1.017495176518847977e+01
-2.089687174565632688e+00
-3.362583548751187035e+00
7.059237610481868153e+00
-1.544435005127632010e+01
2.617032133827352069e+01
1.349332254378045448e+01
1.073105009070599003e+01
1.285043336079562692e+01
1.696077868389511778e+01
-5.913151429114645197e+00
-5.894030391805624713e-01
8.647753186668021286e+00
-1.844241396099771224e+00
-3.499060924669943784e+00
3.157723603085027619e+01
1.095450419610502824e+00
1.000061570445455317e+01
1.163764994973972566e+00
-1.447761266999276231e+01
-3.947535869941205089e+00
-8.121620379472464180e+00
1.727117268012830387e+00
6.795600230630760130e+00
1.313088630110621224e+01
-1.133910700677767203e+01
-6.021266432196732410e+00
-1.510566781124280844e+01
-5.808115351465415799e+00
-1.825886917704884738e+01
5.236038040002809701e+00
8.648937223974462185e+00
6.356388578968121372e+00
3.438361690371936508e+00
1.312780527442160006e+00
-3.073975830089535233e+00
-2.126375348633570805e+00
-9.630121560423620108e-01
1.274994094405842437e+00
-1.419140223293471870e+01
-1.346342492916205558e+00
1.312280313737056403e+01
-1.083847203243186996e+01
-4.741488510752594365e+00
2.064264683204733775e+00
-1.454289452365679480e+01
4.115511524909306829e+00
5.381852347426844041e+00
4.963464753836515087e+00
2.475454747775944764e+00
1.481808375191164373e+01
-9.134851556112785431e+00
-3.710652634839016084e+00
-8.869517281291262378e+00
-9.644478449034813439e-01
7.589664078117512425e+00
-1.081268306221905995e+01
-4.036881184665401356e+00
5.698531913503954272e+00
1.677788332012091033e+01
8.576963391659788272e+00
-1.316841363973569301e+01
8.840983400111529278e+00
-5.329274041908841575e+00
1.014813556667913730e+00
7.641541081094002763e+00
-7.718641616969484254e+00
1.754902492569234695e+01
2.606366963119942870e+00
-1.014953874279718526e+01
-1.124223731181418096e+01
-2.399734105115632588e+01
7.579000567955783474e+00
-7.545528323553702066e+00
7.067452005705014528e+00
3.717562210280292323e+00
-7.313380940726140089e+00
-2.026113401128008251e-01
1.446830323244117089e+01
-5.352557292312527970e+00
-9.124371160427333649e+00
1.796518056769716543e+00
-1.428045118785754042e+01
2.249480523174007374e+00
2.872479593203554615e-01
-4.375236772952671771e+00
1.557838615332136989e+01
3.536035570957709595e+00
3.062117311908262862e-01
5.923704256046318228e+00
-8.637343460250821892e+00
-2.244893057268509740e+00
-7.662857388437405159e-01
-5.816664698635556796e+00
-1.750004019483109241e+00
1.076858888338751763e+00
2.370777993429466157e+00
1.359561958991915842e-02
-1.562318257673280586e+00
-1.260918153354400673e+01
-2.880119285028687770e+01
-1.047101214749937625e+01
-1.968886977538127026e+00
-4.847634375182676258e+00
-8.837459260603788280e+00
-5.022464536848092465e+00
3.001563593289740428e+00
-3.754716496307667573e+00
2.701083626466963761e+00
5.177001374475596940e+00
3.221766292982035651e+00
-2.184999757094846728e+00
7.290999108659025119e+00
9.086155035179659833e+00
1.798196222901394492e+01
-5.115534960797238462e+00
-1.647887814589983790e+01
9.153981361538551909e+00
2.708392708465593657e+00
4.954930530545878398e+00
-8.036398277402200252e-01
3.883393664320999861e+00
2.105995995547366562e+01
-7.300490633576051103e+00
1.095738793657257348e+00
-8.867843881835382192e+00
-1.288785991754653537e+01
1.826530902663684586e+01
-6.334184648410640328e+00
1.428430553848072826e+00
-9.286669706924271850e+00
4.080824492825683159e+00
-1.930629059936368908e+00
1.569972212657046740e+01
-6.236719831383777723e+00
