2.146588064636003157e+00
-3.469873213029482928e-01
3.579720050182213065e+00
-1.633577422854424865e+00
9.439165160645686115e-01
3.704759480304866237e+00
1.767211708321527075e+00
-1.286286511319281622e+00
-5.166015024374585707e+00
-5.269688003514930941e+00
4.733976860686519572e+00
-9.202766733379003083e-02
-1.470096683123340187e+00
5.845154995150835475e+00
-2.945941220746472577e+00
3.098458578810762809e+00
2.783914495305004788e+00
1.249486673164693418e+00
-4.241781295286871090e-01
1.587319235880034096e+00
1.181837689767734068e+00
1.138775447911734573e-01
8.195759480330755409e-01
1.257998079352942167e-01
3.339475372916729801e-01
1.680911462415582758e+00
3.863674081855870135e+00
-1.828538765670968180e+00
2.229353055770088687e+00
8.139872753552386264e-01
-2.051608882246823029e+00
3.877386145729172284e+00
-4.300198114378291692e+00
8.142544441196335470e-01
-2.215620529501151292e+00
-8.954195963714043360e-01
7.634001091964207619e-01
1.031464192505247235e+00
-9.266359006664113274e-01
7.496344184463208826e+00
1.746989991096154604e+00
-5.452480836001368125e+00
1.440756463061387826e-02
-4.553654559642598798e+00
-2.322730132600431541e-01
1.868152964438224428e-01
2.367295413447125796e-01
2.796792179320934046e+00
6.753362019192993060e+00
6.358004564223571631e-01
-2.327440898151225124e+00
1.279821278129406270e+00
4.528161934585466231e-01
2.390609455578710296e+00
-1.448353782438931869e+00
1.425867912583616892e+00
5.244029983299060005e-01
1.526865441656969580e+00
1.432785892725417121e+00
-2.827925879333437642e+00
2.800313870369000924e+00
2.926195602861255685e-01
-7.549164744187787379e-01
4.567090460088664150e-01
8.362964118137312663e-01
-2.547971565758820667e+00
3.646545987293500768e-01
3.305065332227593800e+00
1.580017269060941310e+00
-2.140312687998504160e+00
-2.315907416526655993e+00
2.714932262081012571e+00
3.238223021589704542e-01
4.096211659545578310e-01
-2.150470733907625109e-01
1.980530179715711547e+00
-3.304036651721193873e-01
7.496082179303228399e-01
-1.290907518635055151e+00
-7.926261181926791410e-01
-3.105355959362423590e+00
3.471861891168080749e+00
-1.833065442029771841e+00
-2.419260590709742864e+00
9.074865451684639428e-01
4.590324383269517305e+00
-1.217718673470792323e-01
3.876773118498242909e-01
9.128727020558728700e-02
-4.220236840763639030e+00
2.459225824828493057e+00
-8.260917637552592785e-01
1.345559692156981235e+00
-2.146100513651413966e+00
-2.765717791522916080e+00
-1.254607496128293365e+00
1.315800843800819520e+00
-1.575984429059313685e+00
5.713810062628351893e+00
-1.505772067989158636e+00
-1.953645135087530349e+00
-1.200980584094292425e+00
6.359220018687065101e-01
2.662442641320127645e+00
6.051153619453663701e+00
3.218644146203911038e+00
-1.831074507508479554e+00
-1.917656805375917761e+00
-1.109210564530541232e+00
-2.480827638473852570e-01
4.403621256379991245e+00
-2.933133615297803143e+00
-6.077851792414232790e+00
-1.835106385649765803e+00
-1.942172989631629987e+00
-1.136210193849290784e+00
9.005344477776895395e-01
2.547008109564294909e+00
-2.518279994968042779e+00
6.288902883791640974e+00
7.246943686592435263e+00
1.799512404791163034e+00
-6.837951189330492952e+00
-2.073656782959576894e+00
-4.324469045699629532e+00
-3.173612794345255672e+00
-1.971340265165219652e+00
-5.228013190739619453e+00
-2.500292038875504108e+00
5.216227151789209593e+00
-2.945759785605444492e+00
-1.179166042011674298e+00
9.628422688905088345e-01
3.273311442967203000e+00
-4.942003737157817156e+00
6.643016401095620971e+00
3.319275796778373699e+00
2.805593327961671157e+00
3.923911406507462285e+00
4.875006979451914191e+00
-1.941381764403900645e+00
7.482957955103943792e-01
1.409906419753450768e+00
-6.897191146015123620e-01
-2.430346885550883629e-01
9.874241643871801699e+00
-2.076609999209425572e-01
4.037095117323307392e+00
4.047122936822490358e-01
-4.899932073883475958e+00
-7.408474810571701319e-01
-4.067141754769334483e+00
-2.514266628535833381e-01
2.424816202294323375e+00
3.365173511186389632e+00
-4.466493524897430234e+00
-3.779303948371167898e+00
-3.765978865562867650e+00
-1.236941553947971117e+00
-6.666331700151681972e+00
6.197136002224783446e-01
2.049719869790351368e+00
2.040146833329223419e+00
1.702008786618422143e+00
2.445202274815477805e-02
4.270655835207720630e-01
-1.197733583831003035e+00
8.164988624199659428e-01
3.758902916056069965e-01
-4.377589477612126245e+00
-3.463550845295073621e-01
3.155993474794180020e+00
-2.315631236009754179e+00
-2.226578077357388885e+00
1.339715610974238746e+00
-4.158643773140631161e+00
2.046108946892705172e-01
1.717292687535573403e+00
4.991468230302120168e-01
1.824986584832563263e+00
3.262570617959734243e+00
-2.592795849020043342e+00
-1.257740852470868864e+00
-2.103574364562718291e+00
1.083321371022942237e-01
2.805327486376536505e+00
-2.038754635691625960e+00
-1.218200835708989516e+00
1.389175081607985085e+00
4.704972164105127419e+00
1.324692629365091356e+00
-3.602909476441915615e+00
2.244560792713282016e+00
-2.390497459514000778e-01
-4.672413128682700867e-02
1.989749497307153892e+00
-2.194083904372516880e+00
3.942119501043159779e+00
7.801514549662913467e-01
-3.595088201166359632e+00
-2.674411581878938460e+00
-6.893409010810152893e+00
2.184430470234647537e+00
-2.156667834004073470e+00
2.313482294974716691e+00
3.636569647490835999e-01
-2.018339664086438390e+00
5.021741787525774159e-01
3.544384504764888533e+00
-2.996255203675807444e+00
-1.956231598880747047e+00
9.211602089657227044e-01
-3.696280621765910546e+00
1.824550573151111799e+00
7.162576331626159254e-01
-3.319671363632466843e+00
5.188625532756050873e+00
7.647412254023298050e-01
1.450973524946962634e+00
1.610095263822634237e+00
-2.957508045814637221e+00
4.740875909867985349e-01
-1.235445433346549660e+00
-2.833459412851088821e+00
-6.638065363193096369e-02
-7.870705662128013591e-01
1.343122623802068594e+00
4.408741745805963563e-01
1.415617748734189441e+00
-3.448341473915866207e+00
-6.709274088128754698e+00
-2.435031920527002569e+00
3.152306089508863374e-01
-3.374311591859270987e+00
-2.653307316623834122e+00
-1.181206303683823178e+00
9.218276722541600687e-01
-9.538667041042779848e-01
4.349035567370731492e-01
2.188065505159444868e+00
-6.624255691173565053e-01
-2.473026996486448859e+00
2.566696131587098417e+00
2.341476233426403208e+00
5.231986908286603288e+00
-1.088918960249642076e+00
-5.552851975650420435e+00
2.689656474663965735e+00
2.671401555561117025e-01
3.140724550413259486e+00
-1.049484509558568091e+00
1.103341955766191429e+00
6.378383418908559754e+00
-2.112600765998084107e+00
2.317785916222847575e-01
-2.651743172423286943e+00
-4.547191014919924612e+00
4.944387354048421557e+00
-1.945738246949745953e+00
-3.571818793779003576e-01
-2.172017433363040873e+00
4.526750474970573923e-01
-7.006613090151555534e-01
5.253980554107885226e+00
-4.384391356994810085e-01
