

gen best mean std best_sol
0 22.884842 -1.456768 9.077325
1 27.906387 2.648556 12.030043
2 27.848056 9.595938 8.79839
3 22.884842 9.788006 7.692248
4 19.155141 13.256466 2.803689
5 24.206807 15.581422 3.883342
6 21.640291 15.353689 3.322648
7 36.139686 21.456465 7.489478
8 36.143681 23.849609 8.191772
9 52.346511 33.040927 12.004732
10 52.347971 39.671847 6.96867
11 52.340636 40.841284 5.999288
12 52.340636 39.775733 4.657813
13 41.677411 34.220095 14.161468
14 47.129331 39.717075 3.175869
15 47.125732 40.093223 2.843825
16 47.125732 40.093223 2.843825
17 41.677411 36.533669 8.488578
18 47.125728 40.668903 2.576269
19 50.357901 42.445819 3.500121
20 50.341941 42.444223 3.496514
21 50.364513 42.792344 3.281032
22 50.370647 46.105515 3.207408
23 49.036852 42.28993 10.57373
24 49.025429 45.333454 2.9966
25 49.008118 43.019541 6.369518
26 49.036852 44.06704 3.782929
27 49.065003 44.069855 3.786635
28 49.053812 44.068736 3.78516
29 72.982354 49.547777 8.615804
30 67.777409 46.90544 11.037937
31 55.172194 42.316382 16.506091
32 55.199683 46.816171 4.255497
33 55.172194 46.813422 4.250086
34 49.05656 40.625518 16.312858
35 49.053812 39.782914 13.333736
36 48.592943 38.942139 13.198337
37 48.840587 44.795617 4.090239
38 48.780423 45.033686 3.603778
39 48.856074 45.042888 3.608773
40 52.825918 46.73255 3.133522
41 52.815017 47.672395 2.184061
42 48.856074 44.934786 6.638047
43 48.592943 42.683055 13.191383
44 67.102041 51.405773 7.835943
45 67.046016 51.465402 7.789361
46 66.97139 43.964311 18.257277
47 49.379032 47.196727 1.902609
48 48.592943 43.274529 11.178272
49 48.473811 39.702552 15.510069
50 48.501369 42.500238 8.668177
51 48.451353 45.540429 3.058102
52 48.512232 45.546517 3.063945
53 48.439986 45.539292 3.057021
54 48.451353 45.540429 3.058102
55 47.525824 41.834058 10.555034
56 47.497999 43.112781 4.767106
57 47.396331 38.34271 15.216071
58 47.140593 38.689204 9.974953
59 47.125728 37.412394 14.878821
60 46.88338 34.27354 15.333571
61 44.629629 30.082631 16.884987
62 42.654275 25.569122 18.826259
63 41.951625 27.848428 16.497663
64 41.365656 29.813928 15.115064
65 41.745805 34.647367 9.318034
66 41.365656 36.513872 5.201528
67 42.152752 39.134673 2.301214
68 42.152861 39.600385 2.115524
69 42.151979 35.512355 11.576449
70 42.408628 39.625962 2.147532
71 42.436661 39.628765 2.151178
72 42.703497 40.87751 1.490712
73 42.71596 41.466424 1.060292
74 52.287471 43.485982 3.43946
75 52.340984 46.785302 3.901538
76 52.342897 46.864784 3.812224
77 57.07586 49.856118 4.414088
78 57.079854 50.510547 3.615912
79 84.404767 55.301426 10.377531
80 57.643693 50.393866 7.431428
81 57.1806 53.015627 3.565795
82 57.177499 53.01503 3.565097
83 57.174625 51.494871 4.566468
84 57.183538 51.495762 4.567578
85 64.375361 53.735707 4.834363
86 64.368866 53.735057 4.832933
87 64.358831 53.734054 4.830726
88 61.259337 50.217608 12.16602
89 61.250599 53.437143 4.175889
90 61.260969 53.43818 4.17783
91 61.260969 53.43818 4.17783
92 61.258266 53.43791 4.177324
93 57.183538 52.489279 3.090058
94 57.079854 51.525825 2.976114
95 55.993872 48.065278 8.842837
96 52.342897 43.612325 17.794226
97 52.327496 44.228844 16.103708
98 52.287471 43.746229 12.756834
99 61.2986 49.121174 5.79935
100 61.304984 50.424501 3.881914
101 61.323936 51.565225 4.053514
102 57.1442 47.409248 12.364826
103 57.135872 51.490838 3.051345
104 57.156371 52.326952 3.332547
105 61.170587 53.853646 3.812187
106 57.156371 52.650384 3.155144
107 64.515299 54.410484 4.318086
108 64.536422 55.609038 4.38825
109 64.520727 58.873913 4.198787
110 64.520727 59.844128 2.942399
111 64.512701 57.600181 5.760068
112 64.50417 59.519236 2.551471
113 61.282649 57.820454 3.942856
114 61.258254 57.109941 3.660463
115 61.230455 56.213195 3.636714
116 64.539805 57.737021 3.613835
117 61.330316 55.797738 7.04425
118 61.330371 57.900069 2.610496
119 61.310952 58.790538 2.013616
120 61.267432 58.371902 1.876595
121 61.294722 58.374631 1.880819
122 61.284895 58.373648 1.879295
123 61.295883 58.374747 1.880999
124 61.230455 56.357821 5.326036
125 61.216671 56.038268 4.829905
126 57.179708 51.252017 13.794147
127 62.780275 56.365012 4.538328
128 57.179708 54.094536 6.569769
129 61.232828 57.96113 1.634433
130 61.23386 58.374194 1.870354
131 61.310821 58.79451 2.005873
132 61.314965 59.20462 2.043736
133 64.606403 59.950514 2.472901
134 64.594208 60.692318 2.631015
135 64.594208 62.177536 2.292515
136 66.087808 63.068346 1.869032
137 64.594208 62.716716 2.697025
138 64.591952 61.691378 7.603925
139 64.586611 64.558361 0.02329
140 64.58341 63.976163 1.761594
141 64.581855 64.559502 0.01484
142 64.592907 64.565524 0.014956
143 64.590844 64.570959 0.010648
144 64.586737 64.577734 0.006667
145 64.601974 64.583465 0.007367
146 64.599878 64.577073 0.024329
147 64.599878 64.583791 0.009288
148 64.599878 64.587129 0.005594
149 64.594015 64.583872 0.006611