5.022462454915662988e+01
-3.877350356546990451e+00
1.706634240955444426e+01
1.865738356073807225e+01
-6.636391194885682410e+01
-3.881434623146904528e+01
1.289064482126838662e+00
6.406341311057420285e+01
-4.968859413486912757e+01
-9.210747679335665339e+01
-4.575284561989629850e+01
6.715011601530270013e+01
6.809255372410112273e+01
1.187595639943428694e+02
-3.394998417887294551e+01
-3.254536745409301091e+01
1.504832968455705782e+02
-2.457989660676526000e+01
4.723499421881004423e+01
-4.905617342876495712e+01
-3.260528353287266157e+01
-3.892697778651339746e+01
-2.266731705201518565e+01
-8.991988509575744359e+00
4.401213885237354617e+01
-3.407451141542009676e+00
-4.113249156489094105e+01
6.497569748994611594e+00
7.242854816838622867e+01
1.120543515340180960e+02
1.356440120268760907e+01
-5.528517713021229696e+01
5.743950139248543252e+01
-7.642384589849662291e+01
-1.033530915458247001e+01
-2.965195467879190261e+01
5.053887461766366584e+01
-5.479128469497982223e+01
3.184946735686630248e+01
2.885541508442774017e+01
-3.092189507900271650e+01
-1.154211835886896438e+02
-5.605835875589996675e+01
9.392240951648293645e+00
-6.121896253083753692e+01
3.611915158482553778e+01
-7.448357739913002717e+01
6.287004339824870414e+01
4.633308722329515916e+01
-9.553003714004719882e+01
-1.350929659220029180e+02
-8.786876848775023063e+00
-3.364966292232993794e+01
-3.122785649797502217e+01
-1.070828966361824968e+02
-3.301288105911934423e+01
7.322315572270366602e+01
-7.345423991469861846e+01
1.275653234244617096e+01
-8.903165713047856400e+01
1.745749167082779163e+00
2.258377950778422161e+01
8.006468989239728273e+01
-9.460521957258099235e+01
-1.567538740911500916e+01
-2.332301097819036784e+01
3.138356420432894822e+01
1.361254136231959322e+01
-1.864370427287177279e+01
3.566998155777751833e+01
1.725705220055936806e+01
2.244636363293979286e+01
-8.186358767685378268e+01
3.142004366742843402e+01
1.508859799199274221e+01
-2.876618008035406149e+01
-2.145250150393084709e+01
5.098063034621132772e+01
6.963743828401221947e+01
1.150517701961658901e+02
3.325682032917797670e+01
-1.321821569579171296e+02
4.510915123171604080e+01
-6.751799778455074375e+01
2.403860549996216989e+01
9.671502391735857884e+01
-5.409308172554640137e+00
-5.670290346187643138e+01
1.005243620518013081e+01
6.646207173200657792e+01
-5.942892462113700702e+01
2.383548047038855344e+01
-1.799251948917169130e+01
-2.781397082194785497e+01
5.362138277782960216e+01
-4.710066518011751668e+01
7.435661447076303432e+01
-2.502723629893372248e+01
-3.990426578728725815e+01
1.453251464848319152e+01
6.299362521847721297e+01
7.234394554633450980e+01
3.552774983626524374e+01
-1.641777604744536045e+00
9.974241100401562221e+01
-1.175669718204876446e+01
5.323367070275558177e+01
-1.371261685835971988e+01
-5.876617622696117138e+01
-7.726775633392244913e+01
6.630365095008937892e+00
-6.191977053785925023e+01
5.020160648348306864e+01
-1.344409519181312085e+01
-3.794886043250274810e+01
-2.329724727365615422e+01
1.342065544298389135e+01
6.953365184584136216e+01
-5.656513231754762927e+01
1.095693802678457729e+02
5.991801123296324505e+01
-2.829902106068392342e+01
-8.687809812008431720e+01
6.986416963955349502e+01
-3.372341495292207725e+00
-9.148518758108870941e+00
4.808608689882318288e+01
-2.961751313378586214e+00
4.984912380251945763e+01
4.821308601041118891e+01
3.335227805388765887e+01
-6.087196292104157180e+01
-1.015363965735243568e+02
-6.493666038110356453e+01
1.031661330249988282e+02
4.531497062147089139e+01
5.166034825243944750e-01
-7.040492096352816986e+01
-3.508855688385730076e+01
-7.679645508823377931e+00
-1.491743568193471390e+02
-4.014643329397095073e+01
6.367266129228396210e+01
1.642598825829552212e+01
6.962325702515661874e+01
3.881066733433932825e+01
-3.806824337626825638e+01
-1.132259355929780469e+02
1.762358203333881335e+01
2.766894011438790812e+01
3.351978858398256023e+01
1.321524413872999162e+02
5.368477864765656804e+00
1.363701845694265842e+02
-4.833354422266990191e+00
-2.688995517270617341e+01
4.409261399091543865e+01
-1.408187012920511805e+01
8.261297365042709728e+00
3.898437388146719940e+01
1.192113318494465446e+01
-2.544115634069655130e+02
-3.672727741986364691e+01
4.657077457992891567e+01
-9.506781792913693963e+00
1.148996648813770918e+02
-4.096867661028038299e+01
2.652679800204364113e+00
9.484395271068793321e+00
-4.401093760891351536e+01
9.852029672809413441e+00
-3.546928548578891593e+01
5.531030515335665143e+00
-4.074114704609227289e+01
-3.256851255449468852e+01
-6.303649385763488766e+01
-1.114893880217942268e+02
8.450958758794837422e+01
-2.903499048136031391e+01
3.272501856806144360e+01
-9.304547544557854621e+01
-1.043758006706262762e+02
1.016342122869163234e+02
1.729636209077164821e+01
-2.401293894113297966e+01
-2.299734612275901213e+01
-1.332545405747352447e+02
1.219378762395328053e+01
-5.218264119467334439e+01
-1.220936804404490772e+02
2.064853263820247093e+02
-5.910129537549306633e+01
-3.513809788249229182e+00
4.176366832168345411e+01
-1.900040196071579501e+01
-9.927725529903042911e+01
5.251665166906597193e+01
1.258534414995781248e+02
2.902679445561912885e+01
1.394661118483453244e+01
-1.130864012205626423e+01
-5.694747972158499749e+01
1.546597098430693507e+01
-9.833676321810441934e+00
-6.941642941030634972e+01
3.060387987865731318e+01
2.534476390779027710e+01
5.263766928652349719e+01
-2.567244716749845779e+01
-1.589767329149825770e+01
-7.322561114380688707e+01
1.977428929667356172e+01
-6.155319288465992145e+01
4.614333654103766946e+01
9.584120078828804878e+01
3.276154680712775757e+01
-1.299896950709049115e+01
1.385656603163491241e+02
8.879148556765542821e+01
4.720776724865411467e+01
-7.525079683651084395e+01
-5.526595331441203029e+01
2.722913463888264118e+01
1.018429858837562278e+02
1.138605539824792068e+01
-8.446683656355088488e+01
-8.765052992894932515e+01
5.209100141206572232e+01
1.700582528953522399e+02
-5.143085701289959388e+01
1.979557430689110475e+01
6.312288021970907437e+01
-7.921915211743902319e+01
-1.439188402646641123e+02
-2.989054117943184252e+01
-3.402089116413807091e+01
9.642436641049762613e+01
5.284674883947609914e+01
6.696243798789217294e+01
5.031587290951984670e+01
-1.756534347816101072e+00
6.713531516274723288e+01
-3.360237610921485185e+01
-2.609195926416395395e+01
-6.285819772478285827e+00
-9.070536750829978700e+01
-7.610635228398480479e+01
-1.671107257101250809e+01
7.410725480615043637e+01
-5.093553544354486462e+01
1.719037186118603344e+01
-6.194042870536554801e+01
2.554764011226231446e+01
-4.793430233663291240e+00
-2.758850481853093584e+01
-4.919214240849488817e+01
1.155547919366912453e+02
1.144633949927837335e+02
-2.565837584232686197e+01
9.077759254619887486e+01
-2.161957735056148877e+01
-2.152307669441751514e+01
4.015455109039324810e+01
-1.904712890614273402e+00
5.123145322324505457e+01
