5.021488055125555405e+01
-3.872253536390553030e+00
1.706459935223350755e+01
1.865682785811139865e+01
-6.635170915844105366e+01
-3.875102910124626732e+01
1.307524117512415707e+00
6.408233971984824962e+01
-4.972691637508329876e+01
-9.210330477504726332e+01
-4.576696576219284651e+01
6.715095319031625820e+01
6.812910955228898047e+01
1.187489209057201549e+02
-3.400515707747803873e+01
-3.251682466135286376e+01
1.504480120191946639e+02
-2.457900146588657009e+01
4.727081467848611851e+01
-4.907742428698924897e+01
-3.255854154806036149e+01
-3.891991919409220912e+01
-2.267242963022520996e+01
-8.978707025098328742e+00
4.401593518113472214e+01
-3.390529530188723939e+00
-4.113364927069439148e+01
6.469430503174614877e+00
7.245052281705143571e+01
1.120566087272231925e+02
1.363261953278492378e+01
-5.526438922631735551e+01
5.743225487263894991e+01
-7.645024674616225013e+01
-1.029652418839910055e+01
-2.964053607867346329e+01
5.055274697610617096e+01
-5.480268765364667871e+01
3.187079862091783866e+01
2.888119078774865756e+01
-3.092739294083813917e+01
-1.154264799173907505e+02
-5.607656953984616877e+01
9.401314380897671796e+00
-6.120967083959260435e+01
3.612870211029434131e+01
-7.447888585735501010e+01
6.283510717463388318e+01
4.633831239201079200e+01
-9.555740237515672675e+01
-1.350920166164800946e+02
-8.763372445922893661e+00
-3.363063561481566666e+01
-3.123493066072201430e+01
-1.071382276628214640e+02
-3.306257096670881879e+01
7.319325193420414166e+01
-7.344147016885369794e+01
1.280110931113430972e+01
-8.900313666721436334e+01
1.717650143054465284e+00
2.260471317457282225e+01
8.006977891651507662e+01
-9.463131328080523019e+01
-1.566228178240855407e+01
-2.330287971654157175e+01
3.139960441244965494e+01
1.358919763875700326e+01
-1.862098725135216526e+01
3.569818560871148350e+01
1.722922774297173021e+01
2.242266480112941807e+01
-8.191689759766076406e+01
3.139652531097737409e+01
1.509306391102530753e+01
-2.880495703100380922e+01
-2.147209803721210264e+01
5.093227338672134863e+01
6.963118230448208124e+01
1.151149976699754518e+02
3.325296501040937613e+01
-1.321493035295434026e+02
4.507641511327967976e+01
-6.750217986684924654e+01
2.404550178524429427e+01
9.663275774298971044e+01
-5.369178123435061956e+00
-5.669353552702941812e+01
1.006294087322925357e+01
6.647436716226459907e+01
-5.944431284248383207e+01
2.384590619707567427e+01
-1.798917565206605218e+01
-2.781596037963256407e+01
5.359121092643061246e+01
-4.708836793736416837e+01
7.440071700223559503e+01
-2.503686241921606381e+01
-3.991321915466430426e+01
1.452943195220465000e+01
6.299633544476365188e+01
7.232390435623672431e+01
3.554450998693209840e+01
-1.642366093636987268e+00
9.970824881037152920e+01
-1.180698053053715846e+01
5.322337452268121183e+01
-1.366702750589164417e+01
-5.878548864879228120e+01
-7.721312542982198579e+01
6.608053801205620914e+00
-6.196335703503375214e+01
5.015382518802832834e+01
-1.339040075553549691e+01
-3.790069501352596859e+01
-2.328110147621910286e+01
1.341881301467681098e+01
6.953708023111970249e+01
-5.655186923937024090e+01
1.095750669520432155e+02
5.990793837038766156e+01
-2.833229243929293517e+01
-8.687364969175989415e+01
6.988372341915075481e+01
-3.384633925066470983e+00
-9.092484768902970416e+00
4.812180703441121921e+01
-2.920458232056266645e+00
4.980458825185530003e+01
4.824276700782796468e+01
3.342919547689979964e+01
-6.090933309967881115e+01
-1.015829864381291827e+02
-6.491473975647794248e+01
1.031975148541918514e+02
4.530994771913695018e+01
5.138092305651879022e-01
-7.038390942657487415e+01
-3.507438003471217058e+01
-7.688914720671172986e+00
-1.492220609034615109e+02
-4.013302333684083578e+01
6.364187188990273114e+01
1.638276888824542610e+01
6.968010740782075629e+01
3.877859584985472452e+01
-3.803571255358333048e+01
-1.132085616213783084e+02
1.760273849698798543e+01
2.764549867735028599e+01
3.348091684732096951e+01
1.321906149414981826e+02
5.378366247431206837e+00
1.364076047815212007e+02
-4.811742237473673356e+00
-2.682882273039532350e+01
4.407932895528640671e+01
-1.402745281952690526e+01
8.230742455047076689e+00
3.896091175095384784e+01
1.195278055771532699e+01
-2.544162613406203661e+02
-3.675041520008981877e+01
4.654532776591613441e+01
-9.535167468967463478e+00
1.149167272135566122e+02
-4.098178832105752889e+01
2.629941147210112629e+00
9.469230827019336161e+00
-4.404257925539694440e+01
9.874642631928532310e+00
-3.544806681938875670e+01
5.541320686030005938e+00
-4.075707333493659235e+01
-3.250667266622414786e+01
-6.302845946570856484e+01
-1.114884353707095528e+02
8.447052380787816617e+01
-2.897949503571412322e+01
3.271344495651700157e+01
-9.308761265811585872e+01
-1.043747834935945633e+02
1.016468652563845438e+02
1.733560624207986933e+01
-2.401371122353192433e+01
-2.297930322692624117e+01
-1.332470666058428037e+02
1.218495330120989095e+01
-5.217219460734325764e+01
-1.220909389706947650e+02
2.065213774866454060e+02
-5.914708162739155739e+01
-3.585583356318748471e+00
4.176458886420749650e+01
-1.895500055715514520e+01
-9.925713256054103795e+01
5.252465669292533335e+01
1.258845661317438100e+02
2.901396587052546749e+01
1.389690060386959480e+01
-1.126636326211848171e+01
-5.698738433503803691e+01
1.544561660921765700e+01
-9.865050151419072932e+00
-6.943184042315863280e+01
3.068974481124983456e+01
2.532043104910852804e+01
5.259832286327115725e+01
-2.570207027141769274e+01
-1.588969792731903219e+01
-7.323690255751630218e+01
1.975693223861880199e+01
-6.155238674763702278e+01
4.613551487773548843e+01
9.586144394202460717e+01
3.277394896230410382e+01
-1.298217503776787574e+01
1.386111634008729254e+02
8.881195256322227749e+01
4.720662697675110309e+01
-7.528948938094619336e+01
-5.525314884738827459e+01
2.723302783159426710e+01
1.018462281658828488e+02
1.140962563571890165e+01
-8.448345256560608618e+01
-8.761991108584967947e+01
5.213912218407745058e+01
1.700459564390741605e+02
-5.138825394985985895e+01
1.984239891515116483e+01
6.306052416435281316e+01
-7.928862487412412463e+01
-1.438988504094548944e+02
-2.988422327021386948e+01
-3.401372660575226092e+01
9.642628248344459507e+01
5.282055287082496164e+01
6.697096145875406137e+01
5.031912658882570355e+01
-1.753752685030299796e+00
6.712806019204163022e+01
-3.361733262929194410e+01
-2.607576288347350513e+01
-6.281254055831841043e+00
-9.071774343018832099e+01
-7.614731220365264619e+01
-1.674240009698695530e+01
7.411114239372015788e+01
-5.095039839821655647e+01
1.715775623333479771e+01
-6.195427609508136868e+01
2.556494746747133107e+01
-4.755399896229140388e+00
-2.759712848445592570e+01
-4.918879988965991146e+01
1.155757610095318455e+02
1.144826433323450914e+02
-2.565037850096129546e+01
9.078354708999310674e+01
-2.163392461862939342e+01
-2.149952195730677929e+01
4.017677989470033140e+01
-1.910154853619475235e+00
5.122949572419332753e+01
