

gen best mean std best_sol
0 9.901966 -2.609252 5.907674
1 4.364952 -2.360844 5.385889
2 14.16619 3.382788 5.224204
3 21.743947 10.017098 6.420131
4 49.928606 21.734679 15.152468
5 49.777991 17.161196 16.215139
6 49.786539 21.619777 10.436948
7 49.835592 28.39991 11.928312
8 44.212071 24.442963 13.787058
9 58.845208 35.022456 14.751642
10 66.899961 41.974469 14.505083
11 66.922598 44.837353 12.191698
12 58.845208 38.468449 17.161669
13 58.822477 35.876587 15.788005
14 44.212071 33.60537 14.800202
15 44.111628 34.556024 9.02126
16 49.456947 40.149519 5.473677
17 49.420618 40.249913 5.374856
18 49.402137 37.535812 6.738378
19 49.420618 37.53766 6.741634
20 44.111628 35.500365 5.66536
21 42.6201 30.751289 12.380983
22 36.221418 29.438226 12.55872
23 50.076045 35.065174 6.456728
24 36.221418 30.822062 8.737259
25 36.152074 32.44175 4.324314
26 38.776499 33.754624 4.046371
27 38.755421 33.752517 4.043759
28 36.152074 29.256353 12.381583
29 36.14876 26.767388 13.34096
30 36.670922 33.591024 3.862915
31 36.621645 33.573076 3.848955
32 36.654547 33.576366 3.851573
33 51.507781 37.713207 5.318185
34 51.438162 38.789477 5.191118
35 51.540567 38.829904 5.181836
36 43.136084 34.872493 8.197481
37 42.840762 37.226849 2.892589
38 47.442422 39.793695 4.553915
39 47.4142 40.024452 3.933884
40 62.070871 46.455539 8.151538
41 62.020237 48.753615 6.898183
42 62.05395 51.982482 5.995666
43 62.020237 54.690034 5.51174
44 61.93922 53.070395 8.650907
45 61.69243 53.932312 7.108719
46 62.013218 56.82803 2.532265
47 62.094504 56.948008 2.485534
48 62.094504 57.069917 2.421921
49 61.69243 52.061703 13.598178
50 56.239262 51.132917 14.316903
51 56.168539 50.018009 17.587462
52 61.977955 56.494505 1.830683
53 61.989192 56.495629 1.834049
54 56.168539 55.81204 0.288431
55 55.94005 51.630848 12.648181
56 55.962951 55.861986 0.063983
57 55.93383 55.858609 0.059284
58 55.929182 51.289852 13.728914
59 55.979899 55.844418 0.093763
60 55.915481 55.223237 1.820237
61 55.956252 55.745733 0.278486
62 55.884956 55.216944 1.821436
63 55.870296 51.226978 11.885512
64 55.862987 52.799671 5.138437
65 55.859194 54.00396 2.92566
66 55.858859 52.879467 4.189509
67 55.84144 49.178178 18.483721
68 55.952868 55.797409 0.115641
69 55.97584 55.857532 0.068724
70 55.969094 55.264165 1.856765
71 55.969094 55.904495 0.042553
72 55.952868 55.916358 0.018644
73 55.986515 55.941461 0.027794
74 55.975918 55.935642 0.026651
75 55.980381 55.951652 0.023403
76 56.009125 55.962333 0.027984
77 55.980381 55.956666 0.032809
78 55.980381 55.961018 0.022081
79 56.012886 55.97646 0.017996
80 55.999685 55.979137 0.012548
81 55.999685 55.984862 0.007636
82 55.994287 55.977791 0.022828
83 55.993871 55.983911 0.0081
84 55.993871 55.977007 0.027186
85 56.03664 55.996226 0.015325
86 56.010025 55.995394 0.013198
87 56.010025 55.997699 0.008547
88 62.125187 56.616703 1.836174
89 62.153747 57.208051 2.404699
90 62.15557 58.403676 2.933783
91 62.128821 59.004634 2.994819
92 62.114821 59.610878 2.931712
93 62.121206 59.611803 2.931907
94 62.093772 60.802791 2.386776
95 62.118802 62.007959 0.085502
96 62.146243 62.072743 0.043725
97 62.146243 62.108795 0.024212
98 62.146243 62.106648 0.028424
99 62.14143 59.634655 7.430342
100 62.127981 62.103853 0.019781
101 62.175282 62.132285 0.025479
102 62.175282 62.136045 0.023847
103 62.172726 62.139255 0.025065
104 62.181787 62.155408 0.01733
105 62.235471 62.169918 0.023284
106 62.179255 62.166173 0.007313
107 62.172726 62.163511 0.010063
108 62.172726 62.163386 0.010408
109 62.172726 62.166447 0.004144
110 62.168744 60.932776 3.70232
111 62.17191 62.167386 0.002097
112 62.168744 62.161434 0.016413
113 62.168744 60.922693 3.727295
114 62.168744 61.535515 1.876597
115 62.168744 62.15279 0.027752
116 68.307483 62.786915 1.840234
117 68.252393 62.797646 1.818534
118 62.270603 62.183554 0.0412
119 62.222138 62.181186 0.018502
120 62.202332 62.176164 0.012569
121 62.194879 61.563614 1.839999
122 62.19224 61.537555 1.876662
123 62.222698 62.180525 0.015841
124 62.19224 61.560384 1.853933
125 62.185434 62.165292 0.027155
126 62.197242 62.17709 0.010714
127 62.212252 62.180564 0.017364
128 62.197242 62.181839 0.007593
129 62.193048 61.565081 1.845147
130 62.185434 62.171448 0.019785
131 68.32411 63.402284 2.445845
132 68.297906 63.399663 2.440579
133 68.297906 64.608712 2.974152
134 68.285267 64.607159 2.966794
135 68.273235 65.207135 3.014634
136 68.273235 66.413568 2.759004
137 68.263682 67.01638 2.405254
138 68.255835 66.399787 2.769255
139 68.252482 67.000078 2.427632
140 68.317931 68.241326 0.044043
141 68.305402 68.233131 0.035898
142 68.305402 68.246231 0.020871
143 68.265499 68.243667 0.00969
144 68.272484 68.247451 0.012429
145 68.333197 68.257307 0.02786
146 68.272484 68.248639 0.01243
147 68.305815 68.252682 0.019683
148 68.272913 68.255154 0.011284
149 68.285591 68.263752 0.010921