-1.886478343299675586e+01
3.603878703605739808e+00
-1.848875911118545190e+01
-1.072521681029375351e+01
-5.998312002462929726e+00
-8.560700728771925228e+00
-6.053604955191172365e+00
-5.787913223958801590e-01
-1.493338161229014460e+01
-2.473350589942639743e+01
9.148389485333836557e-01
-3.585023541988459073e+01
1.114952046503535321e+01
-1.031949401822108570e+01
7.220363505556732342e+00
1.024014659248369163e+01
2.805193189755420313e+00
1.751312548936514091e+01
-1.113447954508610138e+01
3.473932546646602759e+01
5.801897656975107509e+00
2.564153634954336347e+00
1.194837698913424440e+01
1.750440978891576549e+01
1.751273481721846537e+01
3.094927310599373982e+01
-1.800706479792522519e+00
3.817305097120408108e-01
-8.707597138728933928e+00
-9.431581243039538265e+00
-7.657926278955015320e+00
-3.261286698290896346e+00
7.115122867013776720e-01
9.790874755069302049e-01
5.839209973185737645e+00
3.704089165098439551e+00
-9.509337621203345137e+00
-3.541478920752351822e+00
1.138418790446548456e+01
-1.414565568639524429e+01
1.083509977933767487e+01
7.434923506762410872e-01
-1.855212589718984262e+01
6.041334411442914387e+00
6.412730925370059509e+00
2.895073050327240605e+00
4.198853763617018675e-01
-9.857433600767869564e+00
2.850959747938529354e+00
4.062745832903306820e+00
6.258843196401578934e-01
-3.560209991201195301e+00
1.471348186447756312e+01
-8.616408940516274484e+00
7.086739021494719459e+00
8.270988900743492245e-01
2.958793524696252231e+00
2.269270692785874743e+01
9.305918733429797030e+00
9.486857422321484989e+00
-2.096926239391915470e+00
-1.050918775273176209e+01
-1.391936234767531744e+01
-1.149503876245016087e+01
-1.105869167666850039e+01
-4.262758739752702475e+00
-1.441632331972988545e+01
-1.802972845959113002e+00
-1.151944209463104052e+01
-1.403595841576968084e+01
8.071348621093290987e+00
1.357651369843793532e+01
-2.889245968673616716e+00
8.573619985400220855e+00
-4.407917541546955698e-01
1.427697491154357223e+01
2.190550205686853502e+01
-2.795038930159073232e+00
-7.318999018621230590e+00
-1.765481121402782350e+01
-1.826015066144164090e+00
-6.588382377102007581e+00
-2.740256966012492512e+01
2.100026342682185465e+00
-3.035961467869993768e+01
6.534911636617700026e+00
-1.827616126332366253e+00
1.838054061601763545e+00
-3.619769081115360443e+00
-2.076935577357893248e+00
-9.511556026957546095e-01
-3.634878788132038796e+00
-1.346628676811788239e+01
-1.961660018507848324e+00
5.011818585519240976e+00
3.228288962964005027e+00
9.999704142293090570e+00
6.692856228807483987e+00
1.375281728236326018e+01
-2.082816660557282873e+01
1.482547178680879618e+01
-9.853067811822652899e+00
4.051833846839191899e+00
1.143829797006442917e+01
-8.282085476442631489e+00
1.015108223207763238e+01
2.480891975811985262e+01
5.262616022678145100e+00
4.232762944608694511e+00
1.212706782660340904e-01
-4.676549931210266742e+00
-2.707229761017546110e+01
-2.334429424093301364e+01
1.019469939666946701e+01
3.546200529897039644e+01
-4.414578227825136203e+00
2.799545059313638262e+01
5.740006428140473904e-01
-2.184349065139984347e+01
1.369160638833438881e+01
3.104662632288345048e+00
-8.882798820039520038e+00
-5.283349071184794354e+00
1.515727421060184987e+01
7.375134930452847293e+00
-1.605755838481977094e+01
-2.828245746426400231e+01
-1.533009987001864305e+00
-7.712095995074077059e+00
1.050688471613041486e+01
-6.985189033983010276e-01
1.442475931044489812e+01
-1.831534119988625520e+01
-1.361023110947143167e+01
-7.913690366880100413e+00
-7.303346692679226315e+00
2.122777847344692503e+01
-7.897047945984783657e-02
-5.384129920567821692e+00
-1.261421724712466030e+01
-4.203559595288553830e+00
1.733102740808603315e+01
-3.570946834948328430e+00
-2.396190986478245222e+01
5.863989593483633911e-01
-8.146513003288948784e-01
3.247260395607608530e+01
-1.377192172032736117e+01
-7.882719335732695676e+00
-1.145297969008951888e+01
8.862777091800767337e+00
-1.082716024460020954e+01
1.908672795578348058e+01
-4.946821949333397583e+00
-6.624749441370190173e-01
-1.874757874274045122e+01
-1.983422965564474083e+01
-1.123715074869862995e+01
1.071323107377348194e+01
-1.241198907323921752e+01
6.492167410691130236e+00
2.057445350510742443e+01
8.450591132884662571e+00
4.802498234225572316e-01
2.462354924379621934e+01
1.793411541832832024e+00
3.454700302776790632e+00
2.569100810596465667e+00
1.471576775004251125e+01
-1.103758356123023948e-01
-1.927876411932633260e+01
2.280469224177550203e+01
1.420835619950440787e+01
-1.136477994231874433e+01
1.721336349022491419e+01
-6.832931565413440822e+00
-1.844119938040532958e+01
-1.016324776417653908e+01
-2.394843217839988381e-01
1.610635677508617292e+01
1.080008779870908953e+01
3.760583018697015723e-01
-9.635213590315474974e+00
3.305142679070812495e+00
1.436743281992626997e+01
-1.251815791232579755e+01
-1.731794969707989651e+01
-8.888700172155832746e+00
-2.074680720970669157e+01
9.284952874701025038e+00
-2.979628585583448341e+00
5.229003517703194603e+00
7.869206703413031079e+00
1.582982198269286656e+00
-1.073279965234486433e+00
-7.056011876936626237e+00
-4.627460761364414310e+00
-1.652279514606858513e+01
1.958783612882028846e+00
-3.295699836698512630e+00
1.942413328580392218e+01
2.217245080738778906e+00
5.718747386823877399e+00
5.196546927899416524e+00
2.418911688203736787e+01
-8.344825234027537064e+00
-4.969907911001095191e-01
-6.349274458462218718e+00
2.363257154578533026e+00
-2.449700628040893946e+01
-2.455610610671114191e+00
-9.730549385501728210e+00
2.597129538853840902e+00
1.090597012135710031e+00
-8.679706020574654346e+00
-8.511791916970272709e+00
-2.383950671482317762e+00
4.500880285092269339e+00
2.493270773182375333e+00
3.834437996171217833e+00
-1.604476725928795133e+01
1.010063774503884382e+01
-2.127571331413671984e+01
6.053385782066844634e+00
1.438968520089896153e+01
-2.868001048555074917e+01
-6.653415981685548708e+00
8.466932976926059951e+00
1.509838046473114659e+01
-4.841347306645495507e+00
-2.985096215032179856e+01
-2.051943743646803764e+00
6.466419441665580692e+00
6.634205756738293047e+00
-1.464505230998824281e+01
-1.205086454455113198e+01
1.041037510626643758e+01
2.100569812434039463e+01
2.509034848935816342e+01
2.117271201566202876e+01
1.919981740100048739e+01
-8.767142904998324937e+00
2.683501872972343705e+01
1.191796889496087175e+01
-3.582224462208583926e+00
1.820095510060750543e+00
-2.224559566568343527e+01
-2.839403798124274569e+00
-1.085798936073863175e+01
1.137316168520682957e+01
-3.722822868154363807e+00
-3.502079152261899253e+00
-7.511941270762524381e-01
3.336488680046879818e+00
-7.042763124366778094e+00
-4.680289711791633778e+00
-2.336522290262853119e+01
-1.570504236811461851e+01
5.547291581402867822e-01
-1.692756348314955872e+01
1.074632667916928952e+01
-2.068473923218769883e-01
-1.154807884002122442e+01
-3.012789706586348260e+01
-1.193464442522328461e+01
