

gen best mean std best_sol
0 -5.487569 -6.109864 0.659039
1 -5.487569 -5.634127 0.058056
2 1.134978 -3.778462 2.809564
3 2.224618 -0.958586 3.065723
4 2.224618 1.052232 0.543734
5 9.412885 2.37724 2.427873
6 2.662513 0.852225 2.316608
7 23.928549 4.348624 6.701842
8 23.928549 7.705223 7.765563
9 28.747219 12.452887 8.904779
10 28.747219 16.06899 7.431827
11 23.928549 15.374911 7.864038
12 19.896988 17.615534 1.793504
13 19.896988 17.674384 1.695524
14 19.896988 18.764531 1.401372
15 19.646679 16.326602 7.553346
16 19.646679 18.047276 1.811304
17 19.646679 16.050662 6.105343
18 19.646679 17.881097 1.539387
19 19.646679 17.881097 1.539387
20 19.646679 15.329696 7.207434
21 19.640336 14.612919 7.097466
22 19.640336 13.754163 6.307856
23 18.114243 12.945101 7.190083
24 16.686052 12.640156 5.1132
25 16.655741 10.862885 6.842414
26 16.583292 9.575547 7.25396
27 16.453273 9.974835 4.328776
28 15.74909 7.776202 5.821227
29 15.744334 6.82565 5.192549
30 16.350691 9.023777 3.960765
31 16.350691 9.97526 4.30368
32 16.350691 10.078549 4.225315
33 16.350691 10.143335 4.171386
34 16.577837 11.170668 4.360237
35 16.350691 8.7717 6.698049
36 16.350691 9.640452 4.851541
37 16.608016 11.217516 4.316809
38 16.608016 11.217516 4.316809
39 16.608016 11.33789 4.193471
40 16.608016 11.33789 4.193471
41 16.350691 9.68888 7.251442
42 15.746122 7.955301 7.380783
43 15.744334 8.099792 7.088245
44 18.267069 11.397191 4.401176
45 18.267069 11.397191 4.401176
46 15.744334 9.909413 6.484316
47 15.73493 8.389594 6.702938
48 15.734907 9.570474 4.877945
49 15.756051 13.806922 3.188224
50 15.756051 15.409103 0.977594
51 15.755257 15.741273 0.00772
52 23.132645 17.965443 3.380884
53 26.138493 19.742777 4.079059
54 23.132645 19.560631 3.582139
55 23.132645 16.999273 8.418783
56 23.132645 18.638199 3.125859
57 23.132645 19.757256 2.437826
58 26.128496 20.712524 2.842108
59 24.147796 21.204221 2.602433
60 24.147796 21.28656 2.436488
61 24.147796 21.889871 1.758637
62 24.147796 22.23686 1.620179
63 24.147796 23.330465 0.40868
64 24.148382 23.433532 0.467735
65 24.148382 23.433995 0.46743
66 24.148382 23.433995 0.46743
67 24.148382 23.536356 0.499366
68 27.283966 23.952334 1.209875
69 27.283966 23.952334 1.209875
70 27.283966 23.952334 1.209875
71 27.283966 24.055235 1.178126
72 24.149863 22.981 2.20017
73 24.153825 23.742604 0.498032
74 27.295915 24.363264 1.023478
75 27.295915 24.465347 0.943527
76 27.295915 25.093709 1.438932
77 27.295915 25.722427 1.568038
78 27.289607 25.408343 1.535633
79 27.296277 25.725376 1.565179
80 27.289607 24.239406 4.201683
81 27.289607 23.285391 5.917187
82 27.289607 24.814827 1.24042
83 27.287582 24.504038 0.932568
84 24.472055 22.593739 4.803962
85 24.472055 23.433556 2.285517
86 24.472055 24.189812 0.094869
87 24.18171 23.320802 2.512977
88 24.18171 22.337934 5.128413
89 27.419889 24.808413 1.305772
90 27.419889 24.808413 1.305772
91 27.419889 25.441353 1.571753
92 27.419889 24.695483 3.031002
93 27.345696 25.38223 2.184096
94 27.345696 26.054222 1.542481
95 27.327179 25.66614 3.097258
96 27.3122 27.296354 0.017891
97 27.311847 27.299963 0.013733
98 27.32391 27.310914 0.008006
99 27.487228 27.333755 0.051392
100 27.477758 27.349448 0.064317
101 27.477758 27.365001 0.071711
102 27.528864 27.415424 0.078489
103 27.482962 27.430395 0.071858
104 27.477758 27.115662 0.983733
105 27.477758 27.442504 0.042193
106 27.467323 27.439256 0.044339
107 27.473766 27.458463 0.011078
108 27.467323 27.458195 0.006878
109 27.465763 27.134762 0.967277
110 27.465059 27.419177 0.074064
111 27.465059 27.439645 0.046425
112 27.465059 27.444432 0.032252
113 27.465059 27.451188 0.012974
114 27.465059 27.125273 0.995059
115 27.464386 25.461823 5.924482
116 27.486935 27.460144 0.010864
117 27.482666 27.362654 0.295103
118 27.482666 27.445606 0.046996
119 27.482666 27.460903 0.008855
120 27.466987 27.364781 0.286181
121 27.49251 27.464046 0.01033
122 27.49251 27.464046 0.01033
123 27.49251 27.464046 0.01033
124 27.49251 27.464438 0.010058
125 27.49251 27.468886 0.010554
126 27.47894 27.467035 0.011491
127 27.47894 27.470915 0.006088
128 27.535855 27.483668 0.022286
129 27.536112 27.497644 0.025497
130 27.536112 27.511007 0.02492
131 27.536371 27.521795 0.01789
132 27.536112 27.526246 0.008168
133 27.538046 27.53207 0.00633
134 27.536112 27.526519 0.020151
135 27.537268 27.534759 0.003743
136 27.537268 27.534759 0.003743
137 27.537268 27.536008 0.000481
138 27.536112 27.476501 0.178101
139 27.536112 27.534166 0.005113
140 27.536112 27.474774 0.177598
141 27.536112 27.195969 1.008118
142 27.536112 27.208249 0.948104
143 27.535855 27.517225 0.025236
144 27.535855 24.21024 9.935421
145 27.535598 27.206388 0.941323
146 27.535598 24.579128 8.822863
147 27.535459 24.123767 10.183266
148 27.5352 24.193236 9.987186
149 27.5352 27.521925 0.006638