3.452067814764684162e+00
-3.262339220073403601e-01
2.183122490635888369e+00
3.979209404516163229e+00
6.245114952336612291e+00
-1.895418097877370922e+00
-1.806860983363237638e+00
4.771682586063056952e+00
-1.030463041508150601e-02
5.501892688542314502e+00
-4.436876722325806988e+00
1.484777754142518225e+00
-9.132875981427037715e+00
2.055250794034687800e+00
4.914784792433873895e-02
-1.317033476937633507e+00
5.989350048965684792e+00
4.027875608788637152e+00
-2.472545111780501070e+00
-1.961816779466634575e+00
-1.927788479437850810e+00
3.806890192513378235e+00
-5.116009289008491834e-01
-1.399508037413113470e+00
-1.828326764810165095e+00
-8.811718770798231404e-01
4.392619721356830098e+00
3.621415853156710885e+00
3.801503677944405357e+00
-2.041899181614995396e+00
-3.040668070450708971e+00
-1.233937891471946102e+00
-3.475711860159267808e+00
1.039779313808167460e+00
-5.425559071869129113e+00
-3.210482098312190224e+00
-1.270852353926797740e+00
-1.721304570088538100e+00
3.003552933592271490e+00
3.848622396883958352e+00
-2.321985473232044406e+00
1.133486934138420166e+00
-5.405456886289208285e+00
6.243617669866594611e-01
-1.704473293376112863e+00
1.917730011571620929e+00
-2.322582089307162256e+00
2.892451623794346727e+00
-6.698015667892828873e+00
5.461312540774663216e-01
2.148320791917755490e-01
2.420410869527978459e+00
-2.425590812858412493e-01
-1.327027735517865681e+00
2.852528776101542984e+00
-1.209628051367830137e+00
1.802961592604616525e+00
1.550126633633801987e+00
1.889327421760724324e+00
-1.392083772866269165e+00
1.613491812049296481e+00
6.474524271461839398e+00
4.649696260011996429e+00
1.743278976633706012e+00
1.624744194088707294e+00
-4.121860537284360859e+00
-2.984098537555272657e+00
-8.776452913528530742e-01
-1.793404573720199568e+00
3.019662790188825774e+00
4.796302487594353181e+00
4.171735624949732824e+00
4.128847261855407069e+00
3.328908501164895561e-02
-3.552704351056406917e+00
1.171452668102332062e+00
3.517940856144952555e+00
-1.928716286091985754e+00
-7.460659518658555589e-01
2.023974193863846249e+00
2.077728457754622671e+00
5.049459036884302421e+00
-5.265200617547095341e+00
-4.141379408438660148e-01
-1.754992791496734705e+00
-1.402408959961154444e+00
-5.773308491187624014e+00
-1.210857803376282682e+00
3.695691320008259062e+00
-2.762751897937818502e-01
1.708495784182773314e-01
-5.587137391648855811e+00
6.963592773384658763e+00
2.231586796555988794e+00
6.543773187150885295e-01
4.736002835110270759e+00
-6.730577842296233015e+00
-6.002084459497686986e+00
3.044943208085792552e+00
-3.556950989860358625e+00
-4.035814000683570768e+00
-2.031677235686313310e+00
2.248018569228185104e-01
1.080081907820484410e+00
2.853973518949848742e+00
5.789246705008260996e+00
-7.741566617375911896e+00
1.247912637323735030e+00
3.708149372417623546e+00
5.567686189129885221e+00
-4.481021533045677074e+00
8.308731836650662395e-01
-4.271893139418257768e+00
-1.603600166315317210e+00
-2.196324324002370432e+00
1.355505112022219016e+00
-3.115900604816852493e-01
-2.036406147941320910e+00
-6.405649211255945996e-01
-1.999905240932935202e+00
-3.816736535570211419e+00
-3.653298811474376406e-01
4.550606513370472506e+00
-2.228916121426832042e+00
4.631917894169313987e-01
2.549753941882103803e+00
9.918490323989910262e-01
1.085926407684605577e+00
2.016790140743766543e-02
2.626181011333678095e-01
-2.564321668156850365e+00
2.580935894747988790e+00
-3.768613857580596083e+00
3.639050910837076991e+00
2.646040385498971137e+00
-1.347552003545840149e+00
6.701834231325369373e+00
1.911240612162552477e+00
-2.746907624177329144e+00
5.902917618012568646e-01
1.045815553156106859e+00
6.530204654070489667e+00
-4.684163074087126510e+00
3.542508202585667121e+00
1.229152893373001154e+00
-2.511993871149614810e-01
-2.245901291135740663e-01
4.855269701327391552e+00
-1.920102195496819597e+00
3.579220193101155800e+00
-6.432491459002031675e+00
6.025301539463052691e+00
-3.216074238105056438e+00
8.505361214877121157e+00
-5.636295021458279653e-01
6.965345352408912838e+00
4.523632536206001475e+00
-1.806872355750386516e+00
3.651131650370547099e+00
-4.533979727338966370e+00
1.265564407607960851e+00
5.328204667130777006e-01
5.596863692872537044e+00
1.129001494182399590e+00
-3.823013916014896374e+00
-2.596240410988158054e+00
-2.579338650590758508e+00
-3.852740384360542336e-01
-2.562089565689340542e+00
-3.368095879477077670e+00
1.074119924582827679e+00
-3.383082116047013699e-01
-1.727858932077538601e+00
-2.925270242513226204e+00
-3.043050192626653327e+00
3.367362875433824509e+00
-4.518678674218502778e+00
2.126788425316945119e+00
1.125398308578472228e+00
4.722527682318623299e+00
3.171120442687888286e+00
1.937926375729276174e+00
1.104717351061800024e+00
3.117094862852557213e+00
2.830343711301345877e+00
1.716588218701000201e+00
1.597227249732685372e+00
2.495556430993437935e+00
-6.179701335021321462e+00
-3.078689851076812367e+00
1.624804354929148431e+00
1.435944837120122664e+00
-3.570202569253328573e+00
-5.223230375411907822e+00
-5.311751135034248339e-01
-1.536784719563750512e+00
-6.089385478020890474e+00
-9.327470343018378074e-01
-3.263203825347145148e+00
6.167848095002096187e+00
1.490955383562145853e+00
-8.377470099107363621e-01
5.867345908386040421e+00
-3.366297300722279395e+00
-2.779034854667230992e+00
-7.418867164029905759e+00
2.404855253479657229e+00
-7.332910932347955768e-01
2.222796533806068009e+00
5.395112032015562775e+00
-1.402477042167552534e-01
7.868088725776889447e-02
4.258379105073287207e-01
-5.597840914990224181e-01
4.575417820381933787e+00
4.160111268553509101e-01
1.791767768493540469e+00
-6.454938356318362658e+00
4.468445004197763915e+00
-6.429324558820518121e+00
5.324029552602245197e-01
3.106969720517406941e+00
3.907506076812274465e+00
7.277928618050518716e-01
6.941087046196949828e+00
-1.173988518799013114e+00
4.695279484718352769e+00
1.803900886208647636e+00
1.314070254939128102e+00
2.243215871585600762e+00
5.555147217532805826e+00
-1.250310705705883318e+00
6.493626382644425377e+00
3.819718692241018232e+00
-4.036536755951570576e+00
2.991361445544272080e+00
-2.464788182102712444e+00
5.120232042888968493e+00
-2.622020201670262729e+00
2.845308718828601258e+00
-3.035006003748783154e+00
9.966424733271317393e-02
3.989556152287001112e+00
5.368699842901313302e-01
-9.492281666064678047e-01
5.420653754971928251e+00
2.121923768390113096e+00
4.050188461977843879e-01
-1.486765971630618743e+00
5.918866922580698464e+00
-4.935025555133151443e+00
-1.435004681867135368e+00
-3.553279048597710599e+00
3.594954209889825059e+00
6.757055817711138168e+00
4.014127508227515406e+00
-6.467197551204358241e+00
6.036637432840405992e-01
-2.850416603195114362e+00
-5.621025935607367074e+00
-2.397532613490473974e+00
5.178284154700572017e-01
-1.254719960714514027e-01
4.717593987021975188e-01
-3.355774045201549427e+00
