6.630546454547893376e+00
-1.220512602616396869e+01
1.310506821131892652e+00
7.173638810841253211e+00
2.248118119243249780e+00
-2.155259038156103479e-01
-4.176558334222581159e+00
3.698032074081783360e+00
1.193188672630949476e+01
4.165040438634398434e+00
9.402138158600422457e+00
-1.932378602619486019e+00
-8.021348501291051036e+00
-9.477205710917450121e-01
-1.090717800352155464e+01
-9.412360773269131675e-01
-2.137583674216967822e+00
2.797513207152998227e+00
7.840652472966656461e+00
6.816018416979616745e+00
-2.008745794259718220e+00
-1.025598359473020160e+01
-5.532789580156564746e+00
-2.996349294550169073e+00
-1.123376522968307611e+01
3.284091349305425567e+00
-2.435074516943225298e+00
1.389350598347102617e+00
2.191861410715692848e+00
9.212549644570812157e-01
-3.061257268501119011e+00
-3.278574425838247208e+00
-1.960865270471764843e+00
-6.116111221290999822e+00
-5.603751338227633827e-01
-9.081970251525042670e+00
-1.668549987168128634e+00
-2.237529257832670027e+01
-9.283530341166303934e-01
9.198305658138439256e+00
-7.706440954791109910e+00
-3.018244712201124891e+00
-1.147376038610985383e+01
-1.508408954385163270e+01
8.434649875325410662e+00
-1.559156877095889016e+00
3.520798533528777252e+00
4.172210379423097137e+00
-4.480265850400947159e+00
-1.513069953383596555e+01
-2.358944380496604598e+00
-6.424264960367707111e+00
9.797382475845033412e+00
-1.249884843423787695e+00
1.233170524523097278e+01
-4.282882025202253473e+00
3.974746665346830632e+00
6.913327847039886898e+00
-3.408365994422558387e+00
-1.088680561758401488e+01
3.666398850298377088e+00
-1.369168347905210803e+00
-1.802504965594171171e+00
-1.427225810325163380e+00
3.704888308100550809e+00
8.515135022541722165e+00
1.396692295744969670e+01
1.406866498389807418e+01
-9.933527249485486488e-01
-1.403976631393866015e+01
-1.709917978400485339e+01
8.958240065524885054e+00
-3.496383340236566717e+00
-1.052178123793359843e+00
-5.297441616392971397e+00
-3.491885207127614965e+00
1.366512522193468726e+01
-6.403606000852308355e+00
-9.698802081687445398e-01
-9.535214112507505391e+00
-1.549919050564159484e+01
-4.401313485359493072e+00
8.105920548414150772e+00
5.217605022514332447e+00
-6.089288058929530401e+00
3.367140264148533735e-01
5.497384492161859981e+00
-6.495417633149479286e+00
-3.072711596086538766e+00
-5.937500513481097641e+00
1.203958700209835531e+00
2.609192303120684286e+00
8.428633621077475935e-01
-4.622979259664218965e+00
-6.557994456744580702e+00
-5.987532998002865092e+00
-9.018269339774491744e-01
5.517697324274689841e+00
-4.136746395829244527e+00
3.008648546221154962e+00
-3.340014625332774489e+00
3.564620275226717094e+00
1.266853996484234379e+01
6.926530120097602605e+00
-1.155082830941979211e+01
1.395936703682957614e+01
-9.357230022108264933e-01
3.863987533766990445e+00
1.550225110767216696e+00
-1.745824964950950076e+00
8.694124119539578643e+00
1.830300052826700608e+00
4.814540391935743457e+00
-1.414114556932122468e+01
8.435344758402230525e+00
-1.658686312736124080e+01
-1.030113283538699326e-01
-6.737536548078229548e-02
1.428016678631426117e+00
8.775948578074020290e+00
-1.076090088436787084e+01
6.761069613332142403e+00
2.467629728120598553e+00
3.098482338375322165e+00
4.483270510195079162e+00
8.532494399978322042e-01
2.269204878619120347e+00
4.171554557466503610e+00
-6.505062333929138241e+00
-3.184980105119904703e+00
1.318268303985302703e+00
-1.637418420680987197e+01
-1.268145874166056286e+00
-2.593022616421795767e+00
9.407679000868009567e+00
-4.145428188814369364e+00
-1.917402398592800594e+00
1.885652869581415869e+00
-5.439940842872393212e+00
-9.400842263270868804e-01
-7.207476223961552186e+00
1.040417794743572166e+01
-7.109299437563826984e+00
1.666327365047629572e+00
-6.578848474662243540e+00
5.870264923196506501e+00
1.642132090982807568e+01
-8.220539578697882988e+00
-2.582418293799502607e+00
6.170864931879776805e+00
1.025762009653740314e+01
1.523467569834919644e+01
6.273843005399498907e+00
9.283158805874109021e+00
7.214623490701580266e+00
9.401127475400191003e+00
-7.746582443641710114e+00
-5.466681114330032010e+00
-1.187722652700693793e+01
-3.259282265888010954e+00
-3.696467352851095178e+00
2.776876432646067538e+00
-6.771508573924660546e+00
-1.346385486853782787e+01
5.907432436468059933e+00
-4.016683009554727235e+00
9.311823171525983600e-01
-8.103788066309268956e+00
-1.084530934947519221e+01
-7.306011326498379477e-01
-5.369905436436702928e+00
-5.402339280451901260e+00
3.543323548615889163e+00
-1.235457008246991606e+01
4.235513227305796491e+00
2.648765462452443931e+00
8.631024250637787665e-01
3.771215532786431623e+00
-7.740787155293197053e+00
5.911270529143382468e+00
8.893290468771863910e-01
-4.823886993045694460e+00
3.578300101211983719e+00
9.093373441666617651e+00
-3.120244594667335836e+00
1.316618326654311488e+01
-5.507016512309819145e-01
1.155396678690325585e+00
-2.980567557392836964e-01
1.954191574167065015e+00
-4.639999364568372364e+00
1.894072640055451373e+01
6.250520997008846003e+00
-4.117019847567317647e+00
5.678275172331176401e-01
-6.127833576305375729e+00
-3.420607044044802425e+00
2.713110675022669671e+00
-1.123152546635884086e+01
-4.878416148640289052e+00
4.827312343042505560e+00
1.038997347803532456e+01
3.724646467576981923e+00
-7.773650839889836739e+00
-2.675638903406646341e-01
-4.126416522528624675e+00
-9.657012278914381409e-02
2.920160927640413462e+00
-9.519541203223451653e-01
-1.804786725552327109e+00
3.626351678406284140e+00
-4.178890804202470832e+00
-6.395690087812161195e+00
6.141503933501248902e+00
4.441879402314077852e-01
-6.770057990509954493e+00
-9.153021939433800824e+00
-2.592553733996961096e+00
9.937198729191086599e+00
-2.131091732614422085e+00
-1.185640277152926991e+01
2.737727405038317574e+00
-3.996844420398061981e+00
-6.176179160976031035e+00
-3.335611009851513042e+00
-1.064996903771698866e+00
6.519145069465941411e+00
5.675334980197631829e+00
-4.399754758181768644e+00
-7.978669230161741233e+00
-1.254588459365678510e+01
1.417622578171460823e+01
-8.843562842224088172e+00
5.923991466957891028e+00
-1.188739973553221496e+01
2.010691702720494245e+00
-1.007528709634284603e+01
5.255465501610794732e+00
2.697356108750325721e+00
6.031108632922423496e+00
1.200130243357752091e+00
1.819523924513637780e+01
1.799850716967151953e+01
2.805368899065436405e+00
1.105848373299489040e+01
-7.436981740917993911e+00
3.623739729401431187e-01
4.256303686273955833e+00
5.063961064212778140e+00
8.438155054226752938e+00
1.337137495887549399e+01
8.548447064712776822e+00
-1.261954516192615472e+01
5.180061227702672966e+00
3.458993054441744874e+00
-4.017309464041002087e+00
9.184608059862482410e-01
2.325302673818177013e+00
7.355408448146421030e+00
-1.259737654596264811e+01
6.893310441892563034e+00
-1.173430924838097056e+01
5.845049303972150057e+00
7.887609867827823917e-01
-7.918099582452202689e+00
