1.329376739244386929e+00
-6.795123815852686988e+00
-1.122632747692959621e+00
1.575290351497097507e+00
6.984466142015371970e-01
-4.041141282303348237e-01
-4.021089111961838825e+00
3.517016426029371701e+00
7.952294694954873400e+00
2.872633161079167774e+00
2.211924689029790780e+00
-7.979021822694173371e-01
-3.419821941137756394e+00
-8.537532596396180118e-01
-6.626380735544877609e+00
1.387098748376634161e+00
-7.854091002182300718e-01
3.857783152480952493e-01
3.341771914702664326e+00
1.381967161936101252e-01
-2.070732947631099830e+00
-5.522733768204311389e+00
-6.149425643834814714e+00
-2.736585994553806245e+00
-7.274820263621546879e+00
1.824185975271497950e+00
-1.166103492414063858e+00
7.295089670285306305e-01
2.250837173125538548e+00
-8.664987288769203655e-01
-1.068825240374316754e-01
-4.482157767933847570e-01
-2.531835755182326064e+00
-2.446876315371500077e+00
2.428973960974345481e+00
-3.100691800581948598e+00
1.117537874622800409e+00
-9.802762309232484483e+00
-1.220226356617743896e-01
6.757836527258365145e+00
-5.531923974793045318e+00
-1.118695161026492524e-01
-3.889378125848103274e+00
-6.377699059950360905e+00
4.517310982197488833e+00
1.677790288361724336e-01
1.265603509635762292e+00
2.197387944519123337e+00
-1.745672143487813743e+00
-6.540838042686670128e+00
5.567261386949909907e-01
-2.008954002035371111e+00
5.002538760674465124e+00
-1.506167518097572433e+00
7.790927983827470982e+00
-2.436857547657583112e+00
2.707183018969326227e+00
5.831967372554957230e+00
-1.824103626792403343e+00
-6.325438403857644332e+00
1.318105045178688817e-01
1.634763714545951929e+00
6.723667430077955032e-02
-7.367573173298618272e-01
3.907567552179345594e+00
3.410592735494101468e+00
6.557362161594266325e+00
7.246162397453156601e+00
-2.220363699597547313e+00
-7.086128191575031821e+00
-7.968941545586477382e+00
3.469506547847097888e+00
-2.136371675322377595e+00
-6.809083593376650256e-01
-3.256927460933246365e+00
-2.361005317026932726e+00
4.480808481199985316e+00
-4.554555659836768911e+00
-6.822745107331404935e-01
-3.497622858193488504e+00
-7.841807514230882958e+00
-1.822483830884604306e+00
5.520581632742463718e+00
2.773001455982550212e+00
-2.884263432815158623e+00
2.327580322349722231e+00
1.296701054580006618e+00
-5.552008263029094337e+00
-1.225636747544226690e+00
-3.498634773045853130e+00
1.978663872935154888e+00
5.859456326565828377e-01
-1.102464401276092243e+00
-6.027248779731132766e-02
-3.492074636625288164e+00
-2.537553817621474028e+00
-2.743102009108407735e+00
3.036423483554792746e+00
-2.639219061560206026e+00
2.898288616596889078e+00
-1.620794158367165894e+00
1.306245457636916907e+00
6.543735648648699943e+00
4.205674884568681549e+00
-6.724098628507414688e+00
6.946966834588835127e+00
1.241929674522413984e+00
4.133291224445716949e+00
-3.295817885580719642e-01
-3.327088625060527605e+00
4.403598915686493420e+00
1.720405106339131684e+00
5.001193499633881601e+00
-6.213363730424172005e+00
3.901307744276757639e+00
-1.059846437456126189e+01
-1.509359806066431053e+00
8.924369312955569011e-01
-1.839556829247655845e+00
5.610383878190940088e+00
-6.838995961437856153e+00
2.461225529627371067e+00
-5.116460629718304620e-01
1.977875946472618773e+00
1.246180388856031218e+00
-2.189089625367803826e+00
8.697586818787774732e-01
6.576123020838313682e-01
-4.043922314939077722e+00
-1.746838091991975261e+00
-8.089280711564453830e-01
-9.484574094283699353e+00
-1.494501896928990492e+00
-6.478847466520760712e-01
6.541887505817342685e+00
4.730385614367763752e-02
-9.956130064390242840e-01
1.960528402214298138e+00
-1.477583114511960893e+00
1.172348637920353820e+00
-1.892483687142630489e+00
3.286525805720749371e+00
-3.224083031377300124e+00
3.184426373648592712e+00
-5.969201997792243475e+00
3.170960409046468698e+00
9.760900814112122958e+00
-4.046606502631254543e+00
-1.755146213843911784e+00
2.110336483155634824e+00
3.348179872314354100e+00
9.464767751385057437e+00
2.144988782358397295e+00
6.280418289808363141e+00
2.871874556215518126e+00
4.536719012185621125e+00
-3.538885793169394223e+00
-4.707233875785766131e+00
-6.867906790372003911e+00
-1.977813473574141945e+00
-1.387753747375628510e+00
-7.841606003364464117e-01
-4.411896381451723137e+00
-6.590131701485600679e+00
1.999707540995912858e+00
-1.775549021852955267e+00
2.829205802878294040e+00
-4.999704197514398984e+00
-4.133207563347003344e+00
-1.623949350445144102e-01
-1.579992858224964714e+00
-3.181598211067540483e+00
2.491983312992065436e+00
-6.115767185070815515e+00
2.507935994308764016e+00
1.289805869344359479e+00
6.819520528412467142e-01
8.425609226159710419e-01
-2.495061283003636277e+00
2.135605754635923503e+00
1.249974212811962193e+00
-2.957426998461260670e+00
1.618509561332186264e+00
3.207167779642779770e+00
-1.874778929251176951e+00
9.170408447612510727e+00
1.267805295551869493e+00
-8.531583056547448196e-01
7.708151251389050440e-01
2.516766563448378680e+00
-1.547338530862838901e+00
9.697134844621842831e+00
4.032499202415936068e+00
-7.524826513877220791e-01
3.113127946294065307e-01
-3.312026277738582714e+00
-2.651445669929214155e+00
6.035338951195265977e+00
-5.672343913022491080e+00
-2.840068394526420903e+00
2.478277400970864353e+00
3.991650696082672312e+00
2.503044925639419382e+00
-4.545164055838700534e+00
8.039566368539192709e-01
-1.715908187546112407e+00
1.961088265656936391e+00
-5.368614333592920396e-01
-7.081307538177493699e-01
5.649928203410790051e-01
3.196025376428512033e+00
-1.692221354018550727e-01
-1.814771318118252985e+00
4.014589325421935584e+00
7.812774041821879401e-01
-1.265607934840568660e+00
-3.408610536122757217e+00
-6.294147181955364045e-01
3.772001891121059991e+00
-4.220115000318900300e-01
-7.095997131483083642e+00
-1.442318601864612249e-01
-1.913906848150575879e+00
-3.382839347066825653e+00
-1.034383531030575787e+00
-1.596901253769828832e+00
3.390113647532114527e+00
2.192357783759431911e+00
-1.301627855559379876e+00
-3.607769100317087307e+00
-7.091437642057284663e+00
6.555038088055995971e+00
-4.178178177889669165e+00
1.186501442294647379e+00
-5.799963510819582169e+00
6.727443761317855042e-01
-2.755185678058721610e+00
4.014464483764586866e+00
3.954532868658649364e-02
3.673783064409040566e+00
-4.387931621552740302e-01
8.475539744614273729e+00
9.410214359996516009e+00
2.059751005341549646e-01
5.709779963671809178e+00
-6.030773808362448030e+00
-3.316654927992933821e+00
1.877340606915596233e+00
2.709633037642102060e+00
3.928029655429148725e+00
7.079077015191252542e+00
4.430712660729277275e+00
-4.796149826760792934e+00
1.412387865927253738e+00
4.154202081935985946e-01
-5.134663502094702903e-01
5.366018929449711816e-01
1.084593141359531998e+00
1.849513633344606278e+00
-5.428748526720788448e+00
-5.697870059906169349e-01
-6.370637336270451812e+00
2.857727401032097436e+00
-1.408551506061466840e+00
-4.351595883052211455e+00
