

gen best mean std best_sol
0 -5.573386 -6.173579 0.774689
1 6.298317 -3.268839 4.78368
2 6.298317 -0.864299 5.819151
3 6.298317 2.491439 4.96765
4 6.298317 4.473351 5.42616
5 6.298317 6.298317 0.0
6 6.298317 6.298317 0.0
7 10.657353 6.734221 1.307711
8 10.657353 6.740499 1.305752
9 10.657353 6.740582 1.305724
10 10.657353 6.740708 1.305682
11 6.361099 6.304804 0.018769
12 6.361099 6.304804 0.018769
13 6.361099 6.304804 0.018769
14 6.361099 6.304804 0.018769
15 6.361099 6.304804 0.018769
16 6.361099 6.304804 0.018769
17 6.361099 6.304804 0.018769
18 20.81194 8.747849 4.73189
19 20.81194 8.747849 4.73189
20 20.81194 9.599302 4.60259
21 14.727248 10.329964 2.187612
22 11.19248 8.918975 5.275976
23 14.748461 11.157116 1.283126
24 16.004239 11.822472 1.82538
25 14.857737 11.300931 2.297099
26 14.857737 12.178513 1.728326
27 14.857737 12.178513 1.728326
28 16.552798 13.330238 2.259253
29 16.552798 12.30479 2.821167
30 16.553896 13.330348 2.25941
31 16.552798 11.80255 4.032689
32 14.857737 11.754729 2.451277
33 15.758772 12.700775 1.933844
34 15.74909 11.914455 4.019055
35 15.74909 12.351924 2.89523
36 20.47184 13.855167 2.81738
37 20.47184 13.906638 2.769317
38 20.47184 14.046872 2.661742
39 19.470628 12.247519 6.421474
40 21.785765 15.006079 3.186342
41 19.470628 13.55995 4.700617
42 22.384012 16.577341 3.070697
43 29.242409 19.434755 3.862085
44 22.384012 17.931725 3.763061
45 21.021939 16.51202 7.124629
46 33.175309 21.004323 4.448514
47 33.175309 22.803927 4.1434
48 34.408682 25.99313 5.542566
49 34.408682 25.99313 5.542566
50 34.408682 26.450555 5.171353
51 34.408682 26.450555 5.171353
52 37.4461 28.092971 5.760953
53 39.767747 29.934316 6.235951
54 39.767747 29.934316 6.235951
55 37.4461 29.581435 4.46628
56 37.4461 29.581435 4.46628
57 34.940082 32.011682 3.560628
58 34.940082 33.893729 0.847189
59 34.940082 33.893729 0.847189
60 34.940082 33.893729 0.847189
61 34.940082 33.893729 0.847189
62 34.940082 30.123792 11.434184
63 34.408682 29.224094 11.619514
64 40.219445 34.405249 1.990205
65 40.219445 34.405249 1.990205
66 40.219445 34.405249 1.990205
67 40.219445 34.405249 1.990205
68 40.219445 34.405249 1.990205
69 40.219445 34.405249 1.990205
70 40.964072 35.184125 2.739491
71 40.964072 35.627472 2.579255
72 40.219445 33.554049 6.193991
73 37.726263 32.336707 6.847568
74 37.726263 34.112985 2.008291
75 41.185372 36.319109 2.633203
76 41.185372 34.285217 5.00186
77 37.726263 33.618189 3.755358
78 35.553007 30.458487 10.876969
79 35.553007 31.115577 8.58656
80 34.88115 33.464659 1.378959
81 34.565013 32.542814 2.634033
82 34.408682 32.184172 2.287428
83 34.408682 27.934261 12.201642
84 34.384582 30.857557 2.593195
85 42.100468 33.089732 3.583497
86 44.842616 35.490243 4.166861
87 45.293171 37.672433 4.346929
88 50.699777 41.534085 5.377008
89 50.699777 42.647053 4.246019
90 50.699777 42.781389 4.067208
91 50.699777 44.058666 3.041832
92 50.699777 44.544458 2.723508
93 50.699777 44.544458 2.723508
94 45.293171 42.809493 4.63331
95 45.273801 42.228431 5.272153
96 45.273801 42.697709 3.585988
97 50.628576 44.844442 2.203324
98 50.628576 45.42557 2.16906
99 47.911745 43.708432 4.138552
100 47.911745 45.060511 1.170398
101 47.911745 45.060511 1.170398
102 47.911745 45.060511 1.170398
103 47.911745 45.060511 1.170398
104 47.911745 45.284248 0.971688
105 45.362347 44.185278 2.457379
106 45.362347 44.484832 1.579507
107 47.887271 45.2818 0.965075
108 45.362347 44.194082 2.431359
109 45.362347 44.491834 1.559271
110 45.362347 44.683413 1.017752
111 45.362347 44.683413 1.017752
112 45.362347 44.683413 1.017752
113 45.362347 44.683413 1.017752
114 45.362347 44.683413 1.017752

gen best mean std best_sol
114 45.362347 44.683413 1.017752
115 45.339823 44.061807 1.915542
116 45.317632 41.927678 6.261387
117 45.273801 40.239583 7.307997
118 45.271354 36.479101 14.745886
119 44.842616 37.013507 9.188954
120 44.841593 34.435482 10.140725
121 44.762815 28.994674 16.000641
122 43.918749 28.20664 14.261234
123 41.903394 25.834228 13.388345
124 39.14629 27.858734 7.491229
125 33.62887 23.835662 11.439637
126 32.958292 23.262493 12.466583
127 32.958292 24.516418 6.604346
128 32.056146 24.873557 3.631119
129 30.557506 21.818379 9.71276
130 25.803337 22.173097 9.464178
131 25.883792 25.380451 0.464135
132 25.883792 25.503715 0.407119
133 25.883792 25.503715 0.407119
134 31.62703 26.289822 1.78611
135 31.62703 26.441512 1.761106
136 32.811862 27.169354 2.559018
137 35.508755 28.497523 3.414302
138 35.508755 28.978593 3.217569
139 40.710241 31.388061 4.077651
140 40.710241 32.87628 4.08733
141 40.710241 32.87628 4.08733
142 40.710241 33.711348 3.948625
143 40.710241 34.846452 3.358532
144 39.173948 34.465159 3.068357
145 36.827938 33.997794 2.310973
146 36.827938 33.69968 1.864271
147 36.80177 33.269057 1.920243
148 40.678107 34.459242 2.487114
149 40.685317 35.713194 2.725803

gen best mean std best_sol
149 40.685317 35.713194 2.725803