-9.532787108331823855e-01
-2.119940350480298275e+00
2.316658521456254505e+00
-1.758856385883840190e+00
3.813554271170325749e-01
1.276026959738408628e+00
2.321586141457537167e+00
2.701780266807352504e+00
1.174276339302927630e+00
5.077607044172387507e-01
-4.274990764207496241e+00
2.235562152304882977e-01
8.930699101660879435e-01
-1.402026328423211732e+00
8.371283645761162795e-01
-1.352912981400023806e+00
7.541384058558582293e-01
2.442680354720534464e-01
-2.058721665919315047e+00
-2.800491759802795855e+00
1.049313046285261564e+00
-1.045120837304226891e+00
5.130516046029470756e-01
-4.371282630392561153e-01
2.642642781344715530e+00
-1.494093147194812232e+00
-9.621723942117283990e-01
2.926320884850649229e+00
-2.523931908757875431e-01
3.708650514209686500e-01
-8.216495115152095963e-01
5.254117594438582062e-01
-6.630657813166433989e-01
2.202072770235218524e+00
5.672658860467888475e-01
-9.494163453105248784e-01
-3.360199717343020365e-01
3.175973286260062589e-01
-2.146198822319034694e+00
-1.259894171010957908e+00
4.175166088770171924e-01
-7.030073314663622952e-01
-1.560754203789020966e+00
1.502334956649709952e+00
2.319768277258365874e+00
-9.413115629139938711e-01
-9.169576054483270511e-01
-2.545548693501563098e-01
3.732558297429350302e-02
6.498314134471500081e-02
-1.646372514076919646e+00
-2.062771680109762418e+00
-1.300977257902293571e+00
3.746168482013735312e-01
-2.825210352960839000e+00
-1.872367143244152210e+00
-4.459978907367467826e-01
-5.191622107747624337e-01
-3.692068078256178221e-01
-5.830794686781696212e-01
-1.232135719892033077e+00
4.250073662256737550e-01
-3.994678125203242613e-01
-1.321517311028058916e+00
-3.156201238835893985e+00
3.398593682579930109e-01
1.995890415941864449e+00
-1.491726675559294391e+00
-2.382676523444711592e+00
-1.200795857618787377e+00
-3.422668795525783403e-01
5.835735451390988704e-01
-2.147663969124580241e+00
-3.939822249654190145e+00
1.396223198027290335e+00
-1.311286224271410505e+00
-7.014268951319921896e-01
-6.408527168038316013e-01
3.531647139359522569e+00
-8.775815488871659964e-01
1.664697817806144897e+00
2.921244041955481374e-01
-8.593326287936727814e-01
-5.326044815648397490e-01
-1.186896397966954009e+00
3.700156663760432174e-01
-1.985260731527041411e+00
2.780639674612646051e-01
9.305080160007357382e-01
-2.228915840971690709e+00
-4.435832633223361299e+00
6.282073851880696225e-01
1.284741365774710209e+00
-3.059699724428535106e+00
-1.170601037025341906e+00
-3.515193434719186438e+00
-8.653518217809132995e-01
8.151720221247025222e-01
9.591053474868371786e-01
3.578903884142426994e-01
-2.737949774603479103e+00
-1.700861408572434730e+00
1.959621692241957813e+00
-2.141189300270857743e+00
-1.593407743218402839e+00
1.576873387550961347e-01
-9.999995107583473652e-01
-1.550642441716764131e-01
-8.437036668728226108e-01
-6.837666502584536232e-01
-2.100371528588920178e-01
-1.419818114472691128e+00
1.353005216851928871e+00
4.993608979196068054e-01
1.583763330917090650e+00
-5.281707649349444145e-01
7.457921648179473006e-01
2.730017854011750345e-01
-4.136771413083978333e-01
-2.780378292020309505e+00
1.998998637853404148e+00
2.199215065191602481e+00
-4.200634302024838784e-01
9.530302680392561676e-01
1.022621671604223348e+00
-8.947934181430643452e-01
3.470279451988599329e-01
-1.962445474854411120e+00
-2.458829451137052868e-01
1.618741807344057815e+00
4.305069318397938716e+00
2.809391964151347398e+00
-3.331903046584225314e-01
-2.666575156779870670e-01
1.374082266767468585e+00
3.562038992215518007e+00
2.129475581814394558e-01
-2.504462740666831166e+00
4.064092057804086222e-01
-1.876457167853994301e+00
-2.181806400033394211e-01
-3.005079248942161829e+00
7.286097084062937990e-01
2.106088814652919528e+00
2.095919229115346116e+00
-6.003265662926623308e-02
1.767370722734394328e-01
-2.071524555304464776e+00
3.314110172984443103e+00
-5.224960845769693885e-01
2.871875192009064381e+00
6.217793756666463167e-01
2.251556771034018745e+00
5.684650372788380146e-01
-1.857365260009388397e+00
4.176442325489660767e+00
1.408186605147865034e-01
-1.008362721542178653e-01
-1.431607694129740871e+00
-1.753532527693863141e+00
-5.191338809777138463e-01
-7.398138060279810801e-01
-1.957530258247676125e+00
1.825293102140035373e+00
-7.622949840930333121e-01
-1.298957844537102169e+00
-5.902971898055633937e-02
-1.411480020731840090e+00
-1.576878101713860003e+00
-9.123094495814093596e-02
1.934513371071015841e+00
-3.416243242229323407e+00
-2.309662133144732898e+00
-5.266622265851548246e-01
4.659267884368013313e+00
-6.840459769612596830e-01
5.828545279875005924e-01
2.001338618634946442e+00
7.150956683149276571e-01
-4.382562719864087075e-01
3.854387109534567757e-01
-1.149631026323350014e+00
6.858048781121282023e-01
3.368181028561173296e+00
-5.268256128895068557e-02
-5.014458371069726583e-01
1.364272363739464700e+00
-4.658634904649464614e-01
1.874895150212918304e+00
-1.479292790391119605e-01
2.229469931969711105e+00
2.584880978426311593e-01
-3.579491499559395856e-02
-6.393114596708253661e-01
1.472640958158025537e+00
-1.523181138400561352e+00
1.731400663206056345e-01
7.957143556267771700e-01
1.567338744613290036e+00
5.518237461875987737e-01
3.167922265300598950e-02
5.212355987007496472e-01
-6.047909141679711498e-01
-3.804922059455321248e-01
7.503471909761463277e-01
-2.463927698113897335e+00
3.962688213987483055e-01
2.106940252241818801e+00
9.640591331546872755e-01
3.009698386395951886e+00
6.973474949242357557e-01
-6.463446917276384207e-01
-5.467801626805850468e-01
1.571064479088311039e+00
2.996854215448214731e+00
-2.331901496895243842e+00
3.032851230390473107e-01
1.606132611959570564e-02
2.242401975809552361e+00
3.336740224912977393e-01
-1.566482192053606948e+00
-5.674979948867748814e-01
-3.412358194590936478e-01
-4.556778112229962763e-01
2.415404639003458698e+00
-5.383220744664626300e-01
-1.860133760051512652e+00
1.158114371856978631e+00
1.865790552763503807e-01
3.454216238613205814e-01
-1.178506186806440176e-01
1.926651092275764032e-01
8.441130194275613396e-01
8.168691986635634450e-01
2.469697611131774773e-01
5.630411003311414087e-02
-1.830022211727549752e+00
2.122967177777490111e+00
-2.328803471139760717e+00
2.068193058529808059e+00
-7.782018492811766386e-01
-4.271055360062457340e-01
2.662400960434858188e+00
2.905235447453067277e+00
1.745899485232148773e+00
-3.278120651658241180e-01
9.840070140698594647e-01
2.643784325381341116e+00
2.298221184632771141e+00
-3.186282758405608817e+00
-2.965582462322156942e+00
2.654595115189793297e+00
-1.042877707490010852e+00
-5.207230899471972929e-01
-3.296188308927054056e+00
-1.378810865540215591e+00
-5.245897001428632134e-01
-7.329845587359502534e-01
1.328070598394897495e+00
3.584793579565559440e-01
5.518614339742577979e-01
-1.194100880853630864e+00
2.055431297784620526e+00
5.296868091360827924e-01
1.504159003312437681e+00
