2.852951122943313544e-01
-1.199855555852380240e+00
-8.040424867292885747e-01
-4.968741601521865503e-01
2.012490938944146990e-01
-1.179464824786567556e+00
6.873387981944407699e-01
6.283031235998386421e-01
2.526212207607886895e-01
2.191475426108654423e-01
-1.143502206873066029e+00
-1.067764578905157968e+00
-8.799008860755082317e-02
-2.587812145918732404e-02
1.349657600010231384e+00
-2.608161174055525944e+00
1.053864670578322504e-01
1.484549600590981511e+00
7.195071115117523952e-01
1.890707781376467223e+00
-1.853533606733459793e+00
8.561618220975083515e-01
-6.779766798966369024e-01
-5.235686252104314597e-01
1.091051001038146895e+00
-5.703924750824546086e-01
2.510455194396789658e+00
-3.932053919984236368e-01
4.911999177454141052e-01
-1.501759010038329567e+00
-3.231966445160101564e+00
1.392001728103704483e+00
9.757167826881190109e-01
1.086082962520581896e+00
1.567978790274707213e-02
7.263462982108683796e-01
1.018783226544698550e+00
-1.598757914578561756e+00
1.245737800625136726e+00
-1.143113473787882084e+00
1.466606241327987892e-01
2.195396281091641921e-01
-3.725992719783121632e-01
8.465839763459724610e-02
-9.986548410544593413e-01
-2.652566876726949907e+00
-2.009601503629604435e-01
-1.874681992197573033e+00
-1.382320340564780370e+00
-2.103514826736616050e-01
-1.849175572134105883e+00
-1.875652360278086128e+00
7.892145177302655190e-01
1.421424097729227398e+00
1.003046133289447750e-01
-7.012694851862351086e-01
-6.476561553527006021e-01
8.428087086091415880e-01
1.064979044696365396e+00
9.123031637644858360e-01
1.463753254741964716e+00
4.488740132065185406e-01
3.620680908057476444e-01
-1.264425116681069605e+00
1.785047782855857745e+00
1.477309313726149931e+00
2.894426319389876046e+00
8.597990218876285784e-01
-1.722086901175508888e+00
-4.733763536869450839e-01
-1.040429045900613358e+00
-1.334709660199030923e+00
1.654020215032688146e+00
6.031771735315769600e-01
1.649036263501054922e+00
-1.415619991365749897e+00
2.332652023974359223e-01
-4.554772087344827192e-01
-1.564138573736704174e+00
4.044887808027159415e-01
-3.505264514494143002e-01
-6.572823350778453921e-01
1.116928163917703110e+00
-2.975403044850777889e-01
9.622057321670308694e-01
-7.007277837450576197e-01
-7.020709404313214552e-01
1.909066996179499487e+00
-6.327869252121062216e-01
-7.745392079234914018e-03
9.213686721596225926e-01
5.471416207696675471e-01
-1.039994121215938261e+00
2.196124671389878991e+00
-2.023778392563628348e+00
-8.656367933232975154e-02
-1.140835370847402386e+00
-1.329733422265772624e+00
-1.093089900873568665e-01
9.790696613593381503e-01
1.339250504464107205e+00
2.857887658221071048e-01
-7.551743740089316148e-01
-3.809455534182104586e-01
-3.430340853488582198e+00
1.043786170196040919e+00
2.215082680856707231e+00
2.125514081213133899e+00
1.343355126455406445e+00
3.205632345887766965e-02
-1.225801182181854188e+00
-9.837287102904379577e-03
1.253786225572347812e-01
-8.553696198325901889e-01
-7.009906449663956263e-01
-9.635161924629288555e-01
6.189896670977805826e-01
-2.874845684933824419e-01
-1.746966745887820416e+00
-1.687999765190869583e+00
6.180744223324770026e-01
-2.338060100563616572e+00
-1.422801081216362062e+00
-6.533299610825400450e-01
3.145290205438220354e-01
1.629251529696403189e+00
-1.378490257524520590e-01
-1.303108132571294320e+00
2.921132829754816918e+00
3.222394723244189629e-01
4.931132016522226102e-01
-1.031726030414097606e+00
1.061795567909376681e+00
-5.377566980859442847e-01
-3.059375317049168874e-01
-1.119621617127771751e-01
-7.826379427621998897e-01
-8.484634692581917159e-01
2.322586377711740591e-01
7.777620916989065325e-01
-1.037729735227859829e+00
-1.184044214860904054e+00
3.314629360960954507e+00
-9.754214356199453206e-01
1.001935552446346023e+00
1.934514771418420542e+00
1.240028160647523858e+00
-5.528989986300737458e-01
-6.095418744879781414e-01
-5.436024116843362064e-01
1.630778355204623442e-01
-1.056485640354582145e+00
-2.167686225266585165e+00
-2.817897105317959672e-01
9.857249362958081518e-01
-2.032362912964412516e+00
-1.265260845032503578e+00
-2.407635268531669759e+00
-4.859537962905606800e-01
1.098798149963802873e+00
1.838648642292866064e-01
-3.247397186601879593e+00
-1.424272703974791110e+00
1.573496016433975075e+00
2.067975534833587314e+00
-2.543128234721463432e-01
-1.779965409637173979e+00
5.075393418273447255e-01
8.594168272693647470e-02
1.255982205540171703e+00
-1.441689651490055679e+00
-3.008988315644040235e+00
-6.460014239722348117e-01
1.316605726615915239e+00
1.285992184695197826e+00
8.729260811064210035e-01
7.825917292661310753e-02
1.182265139117629538e+00
-1.227202073861828335e+00
-2.359571024351712065e+00
-7.884845596073446483e-01
3.586767460793064966e-01
-2.707433248351772126e-01
-6.453084874446709529e-01
-6.526935697117977053e-01
-1.203064080522697088e+00
6.363606733598633491e-01
7.248420532240904546e-01
1.203114488078154576e+00
-9.183151403469675955e-01
1.887313688950589707e+00
-1.624113773514088033e+00
1.491645196674653562e-01
1.390176332663438874e+00
3.724674891180984604e-01
-7.925375133891646162e-02
1.338428607748425314e-01
-1.345108607793008337e+00
1.327055197843447276e+00
1.340830793792784803e+00
5.008303595292031840e-01
1.290415512536334575e+00
-7.746075076999634490e-01
1.292750892570212251e+00
4.731484140443417696e-02
8.372841624875900779e-01
1.173026026732168159e+00
4.893326173562611014e-01
-2.027395319869538387e-02
1.212013037499068968e+00
-2.679673780174200437e-01
1.125424574199328578e-02
-1.120860383674154193e+00
1.890292666173716496e+00
1.069192103624316381e+00
-2.604350365772977183e-01
2.452144996340040461e-01
9.608345512809525202e-01
3.345690224361800302e-01
2.008501146739407328e-01
3.262677214365380385e-01
1.407009462803786137e+00
-6.065822278223027553e-01
3.087549315834404062e+00
3.950487106027437689e-01
5.073991251743648068e-01
-1.352439528767321431e+00
-6.742180061082279074e-01
4.895586522156825104e-03
-2.336685133411925186e+00
-2.321082471288232085e+00
-2.377111333194469323e-01
-4.421977867673730356e-01
-2.515488597686805217e-01
-6.217451313298260063e-01
2.432519974066599255e-01
2.373022908051598989e+00
2.307292001350514932e-01
1.239975206748931802e+00
-2.410872911418406317e-01
9.870619968364768848e-01
1.503603923554107380e-03
-6.471846397084284330e-01
-4.557620489123896945e-01
2.815122041136209341e-01
-1.394739225566017371e+00
3.626434733455889403e-01
1.085258854290401531e-01
2.033383926970895317e-01
-9.549929883593712976e-01
8.465999396668223431e-01
-1.705446111059275571e+00
1.755573363393444011e-02
-6.516792026892830325e-01
1.163563265137076641e+00
-6.021627296088198911e-01
-3.054054149673040452e+00
2.021425731643395451e+00
8.499658896159357768e-01
2.321167596964152091e-02
-1.689686460566369064e+00
-1.073354315648864743e+00
1.895748372686911987e+00
1.045118275959300291e+00
2.068358216893421364e+00
