-4.195386911194615154e-01
-7.810065161815407109e-01
-4.225343747657658855e-01
-5.972124696726462956e-01
-3.375791153921828824e-01
-2.628024514669237144e-01
9.656192272600312432e-01
-1.273691675170834370e-01
5.115349757180654988e-01
-7.541152304316717236e-02
-1.131193447070387936e+00
-4.379577517690724786e-01
-2.847220981397161621e-01
2.863416519960205742e-01
9.367040931783322533e-01
-2.034271365492380745e+00
1.208001726139059429e+00
1.411308612490960179e+00
7.143254744033170622e-01
1.280389835058324488e+00
-1.425397836953899766e+00
9.836867686010198897e-01
-6.160265376523288428e-01
-1.100482086454425357e+00
1.421203026716464812e+00
-3.700203258260342243e-01
1.522893787414102418e+00
-5.490044308773532888e-01
1.653668736127103245e-01
-1.210644915038710634e+00
-2.754019152844064955e+00
1.595086657116913997e+00
-2.526117355519624241e-01
4.350372854202037010e-01
-1.918865246418038628e-01
3.879503960384184102e-02
1.182734564092113194e+00
-1.816230320827539657e+00
1.487538919720823971e+00
-1.131954916315247139e+00
-1.518056630040567900e-02
-5.485663700861371783e-01
-4.180105054842107037e-01
-6.501903634088106454e-01
-9.690544667341048912e-01
-2.135902740107402220e+00
-2.022219794969359052e-01
-1.029605128569495598e+00
-4.344307545659832903e-01
-1.043767653276167495e+00
-4.628241781170177593e-01
-1.740059644402380590e+00
8.779338378819976363e-01
1.773628259579469457e+00
4.668882515174885839e-01
6.121074600996279091e-01
-6.503991038390994905e-01
6.013989274655517914e-02
9.875623141466444155e-01
2.984561342305949161e-01
1.034612273629068602e+00
2.803043149739179452e-01
4.462848478154324283e-02
-1.167703549516972972e-01
1.393102060561550504e+00
5.677522381418139696e-01
2.283427148891879366e+00
3.226198143326253209e-03
-9.724211980650274700e-01
-1.184342182663129961e+00
-7.374664878223813336e-01
-1.323407191635939784e+00
1.989727031319784123e+00
3.001441905019016643e-01
2.348964028292802375e+00
-8.896741445540390369e-01
-3.369679787645704083e-01
-7.149529287250337983e-01
-2.250831040520369974e+00
1.911529189926039762e-01
-1.034590063487289130e-01
-1.292787967654359438e+00
1.627839401218380999e+00
-1.861496869307132096e-01
7.625549289764783634e-01
-6.131712645415017260e-01
-2.155302935438695514e-02
1.281239922255213104e+00
-5.297818119887548471e-01
-7.217270668248606524e-01
1.489215548851602067e-01
7.825307230992811780e-01
-6.773808907203349161e-01
1.679142398899008404e+00
-1.578998318084979591e+00
-2.321710777070815079e-01
-1.119764689585766915e+00
-1.176948040290156872e+00
5.295569846520597340e-02
1.898328504916364234e-01
1.298120726986408346e+00
-3.535045379154326262e-01
-7.590818434052265529e-03
-5.015634416641401305e-02
-2.049582861217738472e+00
7.353507866691878503e-01
1.083325796527529361e+00
1.879883052127804932e+00
1.389471844998184658e+00
-2.857543963524619701e-01
-9.256357209368382133e-01
-2.069461815248182235e-01
-4.018613654577607441e-01
-1.078746755684404590e+00
-2.951895460682926742e-01
-4.706669363200144396e-01
5.034919738702227088e-01
-4.775963375506691033e-01
-1.308297070211291269e+00
-1.701133146036463817e+00
4.938188464306271230e-01
-2.342035996526932617e+00
-1.129052864569628056e+00
-1.125284200638439147e+00
8.158906468974614912e-01
1.161309772911263583e+00
-2.919657711877446937e-01
-1.500970089805493402e+00
2.598475928626699627e+00
5.676062203160886499e-01
-2.406120940324213975e-01
-7.921349214637285474e-01
-2.673502550112720200e-01
3.825793471546071745e-01
-2.013993059493933147e-01
-4.685214396333223230e-02
-8.060414858963298457e-01
-1.354928001027507989e+00
-1.124676640514648274e-01
1.067307003947116639e+00
-6.154997034559702707e-01
-1.051160608631624749e+00
2.380417692069357383e+00
-5.169074122448069630e-01
3.925230840634772456e-01
1.518836437397544037e+00
1.646032472007810776e+00
-6.307749190910106885e-01
-1.394834276974306619e-01
-6.883893847045102765e-02
3.147719441334373980e-01
-1.518519086822511355e+00
-2.038567968091997251e+00
-1.983749249654594704e-01
1.421254480478548965e+00
-1.092145194400868435e+00
-7.402719527592137583e-01
-1.908286445090431327e+00
5.145283381642254961e-01
6.388051213569759801e-01
4.303384735339276235e-01
-2.828926733329286680e+00
-9.504446817637136613e-01
1.066546063102332464e+00
1.454269532228297690e+00
5.665965259105153473e-01
-1.337144080547577829e+00
-7.378272702521707430e-03
1.921318108750814102e-01
1.138858017850900461e+00
-3.886000740447008717e-01
-1.855327367732294563e+00
-8.033763555861143102e-01
1.119629571537493540e+00
4.610799535919050118e-01
5.321225097962932749e-01
9.902537578008421271e-01
1.497195237423584846e+00
5.545313780795357861e-02
-1.942506374055430696e+00
-2.874132524558090651e-01
-8.523090403611513488e-02
-5.481924276475504954e-01
-5.193808074969546995e-01
-6.834089813721688778e-01
-1.658538525532888830e-01
6.932082207824072917e-01
-7.915845886084144079e-02
1.761874030561436932e-01
-4.110037660195127174e-01
1.252687427952309696e+00
-1.061749684430733698e+00
7.362905258808327691e-02
1.185920312162228152e+00
-1.099599102787440635e-01
2.232280768739991483e-03
2.515380877931165937e-01
-1.539754503240356343e+00
1.250553132234294207e+00
5.842139802847787777e-01
6.896072507638445481e-02
1.560951191172631480e+00
-9.902123354421364931e-01
1.384317329398103480e+00
4.368634548552485786e-02
3.198712858146514071e-01
9.808541426440791078e-01
3.696334650093402452e-01
1.536684758747818846e-01
7.341796338928725518e-01
-4.781456683982194811e-01
8.186842941243732685e-02
-7.747475624301298769e-01
4.991695358570807928e-01
7.112383152481710491e-01
-2.044573387223658223e-01
1.478910399570397549e-01
1.104528081904019743e+00
4.632459904840848242e-01
1.656897830480785760e-02
2.856361745510317685e-02
1.278178778034597007e+00
-4.368296688854376164e-01
2.648318774230468797e+00
5.655742567319395064e-01
2.404709718635911764e-01
-1.018220551039235700e+00
-4.343541407031943635e-02
6.263897337084768369e-01
-1.589172243656488570e+00
-1.849259942496163323e+00
-6.795937367895492631e-01
-5.094784718279471436e-01
1.429955316084856043e-01
-3.907048270992433125e-01
5.038499715908677928e-02
2.045178118138848866e+00
-3.544380495732517011e-01
3.685300250147325873e-01
9.422628275703114065e-02
8.477465602987123150e-01
-2.527774706563804541e-01
-6.349863864239433386e-01
-6.574747728738141728e-01
-1.863396632522722751e-01
-1.159125145138188762e+00
2.940370061959179382e-01
-4.949091538187763151e-01
3.990907593008753973e-01
-5.005610533799637052e-01
7.701880830028809966e-01
-1.022763482758284548e+00
-4.755649887147606059e-02
-8.723019213024189034e-01
1.092480712909243756e+00
2.525444983474510185e-01
-1.851076605778562811e+00
2.391503892376663831e+00
6.544219826181351118e-01
1.844739955571432499e-01
-1.333558355681083496e+00
-7.183611764439074010e-03
6.390003774931167779e-01
9.160387128400150347e-01
1.558607249297177422e+00
