

gen best mean std best_sol
0 10.044969 -2.24326 8.186712
1 9.927578 -0.988311 6.61469
2 10.036688 -0.897607 6.574979
3 13.390276 3.361773 7.073161
4 13.407112 7.720357 4.574117
5 18.438543 11.497327 2.67091
6 18.428255 12.001467 2.736699
7 18.426501 12.100367 2.673093
8 23.081869 13.992655 4.034563
9 24.45663 17.80881 3.637483
10 24.450926 18.168233 3.338566
11 43.148559 21.704085 7.612565
12 42.983954 22.884066 7.159549
13 43.018251 25.924637 7.581183
14 37.820007 23.239159 11.351189
15 47.270508 33.302059 9.160094
16 47.077701 34.571938 9.133058
17 47.373263 40.038822 5.601264
18 47.088027 40.964188 3.726344
19 47.088027 42.016002 3.747225
20 46.937711 40.548896 4.304753
21 46.823352 38.21682 6.138381
22 45.081514 35.997523 7.001719
23 39.890614 33.864323 7.364597
24 49.632561 39.492938 6.014116
25 49.627359 39.492418 6.013239
26 49.393981 36.252005 14.313016
27 42.345115 35.749817 8.385893
28 42.162586 38.223796 3.467532
29 42.1411 38.221648 3.465097
30 42.194634 38.241068 3.445404
31 42.194634 38.241068 3.445404
32 57.292106 40.779668 6.140631
33 42.194634 34.963624 15.300468
34 50.109974 41.045933 3.378549
35 49.86075 42.216281 4.014866
36 50.125743 42.24278 4.065786
37 53.824237 44.263713 4.826547
38 53.9123 45.022347 4.609374
39 50.484348 45.632558 3.272539

gen best mean std best_sol
39 50.484348 45.632558 3.272539
40 50.125743 42.463771 11.023319
41 50.038261 46.241947 2.800871
42 50.009748 46.217617 2.76866
43 49.794965 41.636009 12.72154
44 59.611354 47.177778 4.821282
45 59.76355 47.22473 4.828784
46 49.794965 42.312388 10.830843
47 49.749638 44.119601 3.474674
48 47.158029 40.974643 8.428403
49 57.674278 47.419082 4.689082