2.333982696847102911e+00
1.668996760470704777e+00
5.723666557804429900e-01
-6.790614752757128336e+00
-4.085561091587276650e+00
-5.738749158486666779e+00
-2.297045586819396412e+00
1.525174363321649462e+00
4.489972829907711294e+00
2.488107084583215833e+00
-9.002728149737024843e-01
7.171349282251037183e-01
1.670157755141448153e+00
1.439237698200563020e+00
-1.794439752079893369e+00
-6.896997064078233208e+00
-1.528907768312992403e-02
6.726014577539171091e-01
2.756145064360208785e+00
-8.116431241665139851e+00
2.104179587142038343e+00
3.523785055405977973e-01
1.184326885016412589e+00
-2.243163528621425318e+00
1.044862522738595034e+00
4.933514041143746809e+00
-1.320985308477888420e+00
2.077419535667577755e+00
-7.604644130718089201e+00
-1.344658885096987166e+00
5.610106745432603959e-02
-5.057297700732715562e+00
-4.525237627514330008e+00
-3.592794245441541245e-01
5.152466134983336943e+00
-4.490762168389361264e+00
5.384544312478313222e-01
-2.363900485549437214e+00
1.254555057739847435e+00
5.817378811774037040e+00
1.401464294960996226e-01
-4.382905758123159856e+00
-1.146667512599592875e+00
3.062940095194848666e+00
-1.642177551497087329e+00
-3.804920013403680024e+00
-3.530553988476706540e+00
-1.707247697106449635e+00
5.188663977646352343e+00
1.697903900578304981e+00
-8.776503365399323187e+00
2.498359959704396505e-02
-8.030069817090353945e-01
5.566147997059026631e-01
-4.489521739163934377e+00
-1.798529597643419020e+00
-1.667917720908445700e+00
-9.342241210616707647e+00
8.114414167906185416e-01
4.886063961818848611e+00
5.164150754935124432e+00
-3.967091417873044312e-01
-3.505099631643810110e+00
-8.573718979972237975e+00
2.401297291388539090e+00
-2.621033675064264212e+00
-3.356847744992839111e+00
2.092152055651128162e+00
2.189283686603435530e+00
-7.519570084792421838e+00
1.617349638135494871e-01
-8.840884413854880330e-01
-4.410091960814982670e+00
3.024546357732343260e+00
7.029853513755691452e+00
7.395003653416789113e+00
2.915447627552111287e-01
-6.833376023556292367e+00
-1.952388680814652444e+00
1.402278581009466452e+00
5.348266559389718289e+00
-1.656650769408213986e+00
2.159821094001479036e+00
3.003870979068295366e+00
5.148928671020822634e+00
6.170105126661497019e-01
5.595765218576127520e-01
5.695745454608276859e+00
1.862715833346953787e+00
4.596121414681171302e+00
-5.394165633440302088e+00
-6.818234012100872654e+00
-4.662240276441724340e+00
-8.690093817010811961e+00
-4.287324741926814120e+00
-7.788674953851620231e+00
7.281164633385883711e+00
-5.267427987170424153e+00
-2.248851527427928154e+00
3.831646074179043904e+00
-6.158782098337772126e+00
-6.982854740869202992e+00
1.411396217489059746e+00
2.656624723422431472e-02
2.290310576875197235e+00
4.790638758996431434e+00
3.591297668687557287e+00
4.977902043537260290e+00
-2.992325446924287924e+00
-2.492547479247785081e+00
6.859200149548821734e+00
8.864369039104463832e-02
-4.196299995799510185e+00
-4.562948451671905659e+00
-3.960649761272540648e+00
1.649989953615645044e+00
-1.452044309489734841e+00
5.017928877477472405e+00
1.936525658929397764e+00
3.458095042979087430e-01
2.319829767489487438e+00
5.428990072701540548e-01
-6.149378794276403326e+00
-6.569917637016898126e+00
-4.637567717947109536e+00
-2.906429394449554060e+00
-7.074590292945776682e+00
1.706532829116706562e+00
-1.148717111006114955e+00
-4.979504259946300415e+00
-3.412920564749355457e+00
1.187576300703845789e+00
-3.372900058394374678e+00
8.379270169528717505e-01
5.053623968581199222e+00
3.943318046763118812e+00
-2.517720410499036277e+00
7.531120270345836865e-01
7.422415914237536771e-01
-6.117179938447084853e-01
5.252557063864693454e+00
-3.478271417506276997e+00
-3.926189955849176627e+00
1.000712157693073534e+00
2.464542435836948320e-01
-6.716309877787831617e+00
-6.937099221881710687e-01
-2.935278213047349372e+00
2.075271886664658449e+00
1.726329337325947177e+00
-4.063552099434863507e+00
-4.167671447228996406e+00
-3.432539006372961499e+00
7.033865388305016175e+00
-1.456430179302055095e+00
1.403921189287928029e-01
2.898801316398677663e+00
-4.047634470338183910e+00
4.486357963707481744e+00
-7.678016686501942800e+00
1.907036363220945718e+00
-2.875561010039677790e+00
7.995321479783262575e+00
-2.662792935689330509e+00
2.643849059181418770e+00
-1.933025312987054489e+00
6.258265462663075596e+00
-3.831960879144041154e+00
-4.119795578037272143e+00
6.648344993492298016e+00
-3.518508913871294830e+00
-3.548352137628599245e-02
4.972259413192760213e+00
8.470815214739688126e-02
-2.022105382711057775e+00
-2.618026376009268574e+00
2.002186918912481683e+00
3.948769904069203474e+00
4.459136791075589024e+00
-4.507062448092733487e-01
3.800979804557538255e+00
5.494598855864665232e+00
2.704360121997313904e+00
-7.663900821996576518e-01
-7.861653175879973476e-01
3.013886389481873707e+00
-3.397648847389870497e+00
-5.494715197123450912e-01
2.045591084666920523e+00
3.607140893138027327e+00
-1.325996490704755226e+00
1.500476401535395299e+00
-4.040494637815630341e+00
-2.667265440316199054e+00
2.250769253292205896e+00
4.134639513083501056e-02
4.051647997741299356e+00
-2.085289182011165199e+00
-1.530358442120751006e+00
-4.395278966404694287e+00
-2.753920693362128969e+00
3.226473955043410946e+00
2.453256914068708827e+00
1.125354460113038524e+00
-5.793817677749393269e+00
-2.227490747249746494e+00
1.173733237326955114e+00
2.927581064201308259e+00
-7.030333192165024947e+00
-3.904801671095342819e+00
-5.665472093567100131e+00
-3.056424696699249210e+00
-1.973126590504442390e+00
1.510325016322700276e-01
2.229170681066969806e+00
-3.423828197879937640e+00
2.288415043712895280e-01
1.716352373359905537e+00
-1.858419366904832559e+00
1.223817544525830137e+00
-9.118463105119928302e-01
9.934341847874474496e+00
6.299415219645837505e-01
1.370435272235801527e+00
-1.704274956821666409e-01
-1.587611375030226535e+00
2.454931312110882224e+00
-1.310134435361678173e+00
2.334603681347717341e+00
-1.228152655206411259e+00
-1.715645284939000925e+00
7.127326777066238961e+00
2.872115576406910620e-01
2.985949094167091200e+00
3.417122568595350351e+00
-9.336370784890409169e+00
-7.831958539971530797e-01
-5.494275350987240181e+00
4.842548848934903560e+00
2.890273163832345560e+00
-3.116483311994728389e+00
-5.393662701138783433e+00
-2.257008864806668846e+00
-4.766271632937511882e+00
7.196563903184029165e+00
1.280231464094118810e+00
5.691365492707844531e+00
5.163568489505182768e+00
3.827018365927017385e+00
2.444141847012656577e+00
-2.219178688570488500e+00
-8.124157411204169676e+00
-1.199675400084716514e+00
4.851126840272235174e-01
7.137519574818693702e-01
1.660280496319957999e+00
1.499479176609948672e+00
7.487375470024957291e-01
-1.050296017153685924e+00
-9.864413157318926428e-01
-3.618743887930823799e+00
-3.713837705837095715e+00
4.818774578365037975e+00
-2.685756731179689827e-01
8.207056720442164277e+00
