2.180322464538519966e+00
1.588073229153875499e+00
4.826385589580025059e-01
-6.113705529604123612e+00
-3.762287932078183683e+00
-5.109924404270218545e+00
-1.946332404205616928e+00
1.226686489408770564e+00
4.181376900868275293e+00
2.209698289818494477e+00
-9.054408871960254457e-01
7.711407023516040349e-01
1.612014451501646572e+00
1.242097719843745285e+00
-1.680517894200284745e+00
-6.288298971280160465e+00
-3.834803420559151910e-02
6.581260230671672762e-01
2.570481573320010593e+00
-7.465797613835885471e+00
1.925906942247781473e+00
2.609513214486313126e-01
1.066203204512780056e+00
-2.139367426473218092e+00
8.525351788770088035e-01
4.607916581229047459e+00
-1.191867420926910892e+00
1.954596791709809045e+00
-6.970184576070357352e+00
-1.355667618430989707e+00
-6.348794578886385320e-02
-4.670405956577107887e+00
-4.141625914555600474e+00
-4.323434443083444823e-01
4.831472184516870882e+00
-4.043124962346910323e+00
4.249766903606142510e-01
-2.218470328829346361e+00
9.852622839762322782e-01
5.502784029441723845e+00
4.905707273906778632e-02
-4.004472037052162037e+00
-1.094943070085200976e+00
2.795033596679902033e+00
-1.368042988516424252e+00
-3.453502147108306719e+00
-3.175266423783827285e+00
-1.609536166410379554e+00
4.774993109608232977e+00
1.685453096652279159e+00
-8.116140230672669986e+00
1.392407422871335676e-01
-8.512059334670294408e-01
4.863692367149291540e-01
-4.254774604989761677e+00
-1.673121633181174239e+00
-1.472018026801992452e+00
-8.511649697710730322e+00
7.693349351104036282e-01
4.477278050273901577e+00
4.735096002756987943e+00
-4.664090964724368904e-01
-3.188334829715105734e+00
-7.704567259408678481e+00
2.243495530228727830e+00
-2.449645198601588802e+00
-3.061881986357349206e+00
1.962806600751506814e+00
2.018818929696404751e+00
-6.886992023594225465e+00
1.328226244600886896e-01
-6.678175889868860349e-01
-3.992057938903533110e+00
2.619219112809786587e+00
6.363743024745783572e+00
6.746537518272761602e+00
2.904011107985947082e-01
-6.295679718598364616e+00
-1.709086027981346678e+00
1.256194629012847841e+00
4.810052330811791066e+00
-1.425053020722263808e+00
2.037627290622455067e+00
2.724223084972688280e+00
4.707031884666672106e+00
4.308432260391384938e-01
4.467986877822728298e-01
5.178567416360025710e+00
1.621634464420651733e+00
4.285661163868798695e+00
-4.756399658728486912e+00
-6.256464133442853459e+00
-4.209155695437546640e+00
-7.930075970666542240e+00
-3.828686278084736827e+00
-7.132397849151423941e+00
6.638801463401621916e+00
-4.821947245377893765e+00
-1.906510971380917630e+00
3.499113561638039993e+00
-5.527226814504502705e+00
-6.368650819797646356e+00
1.249141186338536880e+00
4.556228957551178294e-02
1.860713072603933593e+00
4.316981106647694411e+00
3.349702775597970028e+00
4.549162106965297880e+00
-2.635649321118169741e+00
-2.287270427167392040e+00
6.277816922416278089e+00
1.141263483177217264e-01
-3.850385919457281148e+00
-4.197358120064958342e+00
-3.721225221916639736e+00
1.400675305199502230e+00
-1.266155535965107992e+00
4.689199794284756528e+00
1.801627571538308548e+00
3.351849235285268014e-01
2.251952985654170458e+00
4.484309046723838899e-01
-5.499612988036357564e+00
-5.897982528565509419e+00
-4.157734257433603808e+00
-2.670696907779293028e+00
-6.479814276885323743e+00
1.526215838012902060e+00
-9.805049586461336286e-01
-4.518645693091959181e+00
-3.188237481027982767e+00
1.041871298791670730e+00
-3.074855925462595341e+00
5.795958507554859196e-01
4.486210788421909790e+00
3.614462306175256323e+00
-2.433122421784780443e+00
6.713700263641643184e-01
5.695752443438349966e-01
-5.794392899066249658e-01
4.726156486288640046e+00
-3.133766913306478941e+00
-3.648307994545615607e+00
9.443935188257304159e-01
2.109840921121790835e-01
-6.184995344066742007e+00
-7.710929893551816683e-01
-2.709040539087819610e+00
1.870491709491748367e+00
1.697174469052306955e+00
-3.690415398844027806e+00
-3.788020942581031392e+00
-2.976270385837066268e+00
6.345438944747549215e+00
-1.401007308918415184e+00
6.120911371065612672e-02
2.647943306310814648e+00
-3.762787944689270692e+00
4.217841827022032142e+00
-6.991881971957929487e+00
1.684653994042868641e+00
-2.579054588994003527e+00
7.307414538262593240e+00
-2.359790059178082711e+00
2.667246552853330233e+00
-1.779841423429050273e+00
5.711742306829178162e+00
-3.523692748914068584e+00
-3.735607932734799963e+00
5.931465897017139000e+00
-3.095426677191959186e+00
-7.633640064875163445e-02
4.394751590156878329e+00
1.832588926429374876e-01
-1.833507418749180662e+00
-2.271280345708933890e+00
1.919621057364771399e+00
3.609562042624741895e+00
4.053204086252919502e+00
-4.669114492345651235e-01
3.414963309768618061e+00
4.940398195052687846e+00
2.389575436471666148e+00
-8.136804644429225242e-01
-8.112281288453073724e-01
2.660981037784142966e+00
-3.120508356813485040e+00
-4.958664625024513661e-01
1.693924714816893218e+00
3.220269903217210850e+00
-1.109265204686825657e+00
1.368362913639627143e+00
-3.722647739769415320e+00
-2.509529005867945806e+00
2.011884254458559340e+00
8.082615486493360812e-02
3.765734947336393468e+00
-2.123775992519153277e+00
-1.386744297726788755e+00
-4.095402209730127474e+00
-2.553184489472483776e+00
2.949175255854993516e+00
2.274478002885375716e+00
1.021423321363394088e+00
-5.395129403320362727e+00
-2.082736839948935881e+00
1.063055991443603965e+00
2.507616017663302443e+00
-6.551723477811584040e+00
-3.461764549856682471e+00
-5.140804385767915541e+00
-2.788722909612550538e+00
-1.802173622614305026e+00
2.447638709698082282e-01
1.960417771760364136e+00
-3.189012147565911448e+00
2.873395225241723860e-01
1.518118520417789163e+00
-1.680043182514469935e+00
1.143007366705430794e+00
-8.673799382355983356e-01
9.064780404251024493e+00
6.803682713885351729e-01
1.340289826827982145e+00
-1.379211579173798552e-01
-1.440992984768479257e+00
2.230021103097755031e+00
-1.133717440310809454e+00
2.143405535353483327e+00
-1.148132014626802810e+00
-1.502234242193674740e+00
6.503119860897421667e+00
3.169613763733203360e-01
2.777397308573077428e+00
3.139540219302265900e+00
-8.545548345634474074e+00
-6.888978200511273187e-01
-5.044181175777199932e+00
4.436764055764086834e+00
2.595096929874272984e+00
-2.844275605177201793e+00
-4.986871240014602691e+00
-2.070012423295796822e+00
-4.265661601414513449e+00
6.592375581693801223e+00
1.210724767250650924e+00
5.189918214390353945e+00
4.628497929997303473e+00
3.552423371588011136e+00
2.258800451918236973e+00
-1.944991381416727450e+00
-7.435325926838951105e+00
-9.593145152537415621e-01
3.516168651824607694e-01
5.759602895044447779e-01
1.730088619999768040e+00
1.408442536434669545e+00
7.599204996405901635e-01
-1.007955574878729887e+00
-7.577712609423403745e-01
-3.221973721974964455e+00
-3.539079560418664894e+00
4.390992562449705261e+00
-3.272335244741468308e-01
7.361285442921361444e+00
