

gen best mean std best_sol
0 15.74909 -3.901364 6.56385
1 -5.578225 -5.74474 0.112187
2 20.881372 -2.546677 7.909174
3 20.881372 3.242616 10.10269
4 21.789797 8.318626 9.433959
5 21.789797 10.117536 7.91697
6 24.572746 13.557939 7.13075
7 30.100869 18.095011 6.264311
8 29.316829 18.59395 9.446153
9 29.316829 18.111742 9.483167
10 25.505238 16.063043 8.823406
11 25.505238 20.252732 3.453486
12 25.505238 20.274034 3.426237
13 30.649693 23.670669 3.378971
14 25.91006 22.315389 3.027423
15 25.505238 21.538297 2.994871
16 25.470153 20.036128 4.166513
17 24.572746 18.647556 6.464437
18 23.600152 18.702447 4.139402
19 21.789797 18.136686 3.804413
20 21.576191 15.392923 7.885501
21 22.835364 18.241243 3.916103
22 25.066137 19.967165 2.475368
23 25.066137 20.542005 2.35705
24 26.86871 21.448223 2.826463
25 26.86871 21.448223 2.826463
26 29.000809 23.213338 2.762466
27 26.86871 19.878494 8.753597
28 25.066137 20.024186 5.674886
29 22.835364 17.38344 8.486951
30 22.631464 19.484031 5.378171
31 33.485076 23.930446 4.815362
32 33.485076 24.668076 4.556449
33 33.485076 26.150094 4.78611
34 33.485076 26.150094 4.78611
35 33.485076 23.799433 6.176829
36 32.833422 22.424404 5.400735
37 24.515018 18.566043 9.100933
38 24.499219 18.751773 6.115333
39 24.483359 19.449383 3.477893
40 22.631464 18.032725 3.986876
41 22.631464 16.137998 5.547828
42 21.576191 13.838672 8.443123
43 21.360655 11.406697 9.210379
44 20.049775 10.442788 8.227157
45 16.513293 11.021119 7.04325
46 15.890933 10.209089 5.876937
47 14.777856 10.264218 5.549463
48 14.578846 9.153996 5.646543
49 17.916996 13.280593 2.424607
50 17.916996 14.13254 2.421282
51 17.916996 14.294056 2.232504
52 17.916996 14.851148 1.90572
53 17.916996 14.985872 1.777652
54 21.145451 16.713017 2.557106
55 21.145451 15.610029 2.776723
56 22.692534 17.752836 3.133567
57 22.692534 18.313102 3.014593
58 22.692534 18.837726 2.720598
59 22.692534 19.532327 2.158615
60 22.692534 19.832068 1.7507
61 22.692534 19.936414 1.662313
62 22.692534 19.941998 1.6556
63 22.692534 19.286514 2.565316
64 21.38375 17.218347 6.14466
65 24.971379 21.041173 2.156584
66 24.971379 21.954625 1.958936
67 24.971379 21.08878 4.19898
68 25.667845 22.916981 1.62402
69 24.971379 20.841381 6.304243
70 25.471248 23.39964 1.402399
71 25.283251 20.79727 8.837469
72 25.283251 23.497495 1.259372
73 25.283251 23.497495 1.259372
74 24.971379 22.857997 1.727036
75 25.303977 23.883325 1.165624
76 25.303977 23.884551 1.163204
77 25.303977 23.230112 2.860609
78 25.291967 23.367113 1.707973
79 24.971379 23.178561 1.937224
80 24.519423 21.403212 5.074826
81 24.519423 21.80544 3.97473
82 24.519286 23.622462 0.752311
83 24.509339 20.473454 9.174096
84 24.509339 23.187055 1.221156
85 24.509339 23.62122 0.750839
86 25.229939 23.870225 0.826365
87 25.229939 23.870225 0.826365
88 25.631253 24.587536 0.590413
89 25.675437 24.916843 0.545864
90 25.631253 23.079223 5.683719
91 25.300458 24.833653 0.448338
92 25.300458 24.833653 0.448338
93 25.300458 24.833653 0.448338
94 25.296384 23.808786 2.949126
95 25.236633 23.412797 4.068271
96 27.065193 25.298035 0.937316
97 27.065193 25.54522 1.018497
98 27.065193 24.787653 2.17914
99 27.065193 25.043998 1.498522
100 29.986046 25.998369 1.539377
101 29.986046 25.998369 1.539377
102 29.986046 25.998369 1.539377
103 29.986046 25.998369 1.539377
104 29.986046 26.004798 1.533266
105 29.986046 26.004798 1.533266
106 27.065193 24.451896 3.418987
107 26.978721 24.415093 2.325991
108 25.382311 24.026977 1.856179
109 25.321096 22.126285 7.000795
110 25.250708 22.531979 6.058553
111 27.564316 24.82304 1.47418
112 27.564316 24.82304 1.47418
113 27.564316 24.919875 1.275344
114 27.564316 25.191545 0.996861
115 25.250708 22.071772 9.248867
116 25.250304 23.864729 3.091102
117 25.250309 25.034061 0.410661
118 25.386655 25.177245 0.20999
119 25.250309 24.426857 2.190332
120 25.386655 24.440491 2.195833
121 28.236994 25.542726 0.900096
122 28.236994 25.594246 0.88914
123 28.236994 25.594246 0.88914
124 25.677941 25.386222 0.186643
125 28.462885 26.06914 1.209049
126 28.462885 26.32321 1.275247
127 28.462885 26.365979 1.245369
128 28.462885 26.388332 1.22704
129 28.462885 26.539229 1.1867
130 29.064338 26.898138 1.343076
131 29.064338 26.898138 1.343076
132 29.064338 26.898138 1.343076
133 29.064338 26.902373 1.33915
134 29.064338 26.906832 1.334993
135 29.064338 26.906832 1.334993
136 29.064338 26.906832 1.334993
137 28.519981 27.1375 1.277006
138 30.05224 28.012322 1.462403
139 30.085256 28.890662 1.064778
140 30.065356 28.583876 1.328209
141 30.080195 29.05703 0.847053
142 30.460741 29.491715 0.791354
143 30.460741 29.684831 0.765878
144 30.460798 30.22477 0.189173
145 30.460798 30.236309 0.179491
146 30.460798 30.243227 0.173689
147 30.463294 30.28012 0.177307
148 30.463294 30.290839 0.167348
149 30.463294 30.326729 0.161894