-3.134667649369244202e+01
3.506444014952656119e+00
2.221203386342618202e+01
8.721021079251146446e+00
-9.369328315368321114e+00
-1.437258796359439472e+01
3.157281506045776709e+01
-2.213339069362195843e+01
2.415999565564875065e-02
-1.061084206516612838e+01
9.334490405463125029e+00
2.276745597693475531e+01
1.020743238937599706e+01
-4.595033541744348327e+01
-4.791223761912662971e-01
4.598525086434705145e+00
2.112393673853730647e+01
3.002144670754095301e+00
2.059012476612104958e+00
-1.634068929916101709e+01
-2.031046700448799669e+01
-1.625636470253186161e+01
3.762062097129016536e+01
2.664847173229422594e+01
1.040737967889194948e+01
-4.752542558942857376e+00
-1.566295315888741158e+00
-8.940436867470397786e+00
-1.882570857886616622e+01
-1.188492296826557570e+01
1.913145933665495679e+00
-4.330147459272343013e+00
3.003899579526297359e+01
-3.668451932028813367e+00
2.824304226978640386e+01
-2.980276110590408933e+01
3.402563582480778592e+01
4.272258149403186600e+00
-2.436385979546745517e+01
1.136480260453342339e+01
-3.570033886946869472e+01
2.487310129152204397e+01
1.089643965789982971e+01
-1.095745948818290216e+01
2.372158126846645843e+01
-3.940920176480588122e+00
-7.653780892245590550e+00
-1.108001939395257374e+01
1.229082749897399518e+00
-4.422572512275345247e+01
3.253296292815844026e+01
1.667225959630571097e+01
1.555449615436260657e+01
1.829197238553921423e+01
5.409101792906653827e+00
1.509646235881369947e+01
-1.261350977761039083e+01
3.631813308593029532e+00
7.730272520324816377e+00
-1.879072864617230332e+00
-9.191650534157005836e+00
-8.183411466398441192e+00
-1.177908570969015578e+00
-3.517398394022716701e+01
-7.457849720681870132e+00
-2.438186951349227627e+01
3.174833065628450512e+01
2.188757082154086486e+00
-9.725240879431469310e+00
3.410666443780170454e+01
-1.269339685716189692e+01
-1.860847384192875609e+01
2.097945618443919713e+01
-9.108866712953496148e+00
2.709432371858742084e+00
1.315681427301271533e+01
-1.451112700193828986e-01
1.220493740381498782e+01
8.765650933482062257e+00
-3.710849404658967732e+00
7.618847900291531694e+00
1.972353092285873188e+01
-5.188218905995602093e+00
-3.470866343418584687e+00
2.812479326646547317e+00
9.515689169331109198e+00
1.253825651919906647e+01
1.343723304312140421e+01
2.948318676569039809e+01
-1.310233371369500688e+01
2.868143201996705116e+01
1.400974730011935598e+01
-1.810038544474335964e+01
-1.958395121155455110e+00
-1.899634613935494798e+01
2.211937015994229938e+01
-3.381215894169461667e+00
1.674723977105132988e+01
1.055795707880997902e+01
3.644979320469469997e+01
-1.199887157074193844e+01
-1.274266245533531539e+01
-3.674916075869257526e+01
1.542515872020407919e+01
2.060761497257433916e+01
-2.644240235977464692e+01
4.555348446843534305e+01
4.339642786367170935e+00
-1.557850571515922233e+01
7.233772078173358544e+00
-3.427822958661916175e+01
-2.296928344170936853e+01
-1.158244887695036951e+01
-1.409913448338608433e+01
-9.347626440229781508e+00
1.126428833061885726e+01
-2.506182044368047102e+01
1.923972752687283005e+01
1.093500480818395637e+01
1.317896827151091976e+01
2.557143136297208841e+01
-1.270486729296893635e+01
1.292231253487373621e+01
-2.674204658397198386e+01
2.103043623567481646e+01
-5.758304482309127614e+00
-1.731025331384752164e+01
-1.983123849469108357e+00
-1.790918934809634067e+01
-9.113562216359966328e+00
1.357406442336338515e+01
-2.504901291245789974e+00
5.592078142702447963e+01
3.021126915164456861e+01
-5.134243812593546608e+01
1.075634032952712005e+01
-3.885878319261088620e+00
-3.148145696734563259e+01
1.419049364254125578e+01
-1.454750604084736132e+01
3.727929396936978890e+00
-8.579832846277495761e+00
-1.060651459227485915e+01
-3.146056311487690493e+00
-5.552999792217284458e+00
-5.992779355996874280e+00
8.941337944316599007e+00
1.469328278921611819e+01
5.721778390482258558e+00
-4.371537132820495941e+01
7.308545464911220257e+00
2.573379313570366023e+01
-2.380895328153791368e+01
2.847538689337258333e+01
-2.017324237195880343e+01
-1.197779253145420242e+01
-3.130759419159464585e+01
-1.858948376896282895e+01
-4.261311837616757359e+00
2.936681117679792052e+01
-1.544539082459656765e+00
-1.198381107062708217e+01
-3.027120318566623070e+01
1.326361563173133717e+01
-1.663360368419387925e+01
1.233056599535737874e+01
1.677599528541452401e+01
2.539460305614171531e+01
1.497843184398562499e+01
-3.210724284963362862e+01
3.451127995151751549e+01
5.534902059117708717e+00
2.080866930835441053e+01
-1.483498244067977367e+01
-1.672912046417960141e+01
-1.038452345819312228e+01
-8.626392741079964566e+00
-4.170822755206309296e+01
1.502424399371577834e+01
-2.447439777901701419e+01
-1.179372938390936909e+01
2.936236658723125359e+01
2.666081944250035818e+01
1.196160401171961096e+00
1.208573944890777696e+01
4.930771755535125322e+01
-1.491270118751116946e+01
-9.768115959859471786e+00
9.357752871506782810e+00
-1.004382257926296207e+00
-2.627761359194167667e+01
-9.497908277880760863e+00
-2.935179359780975261e+01
1.384941704284029562e+01
2.609396591724837933e+01
-1.321012866346804771e+01
-3.156230113489315592e+00
1.063341136959923006e+01
-9.692333993603511999e+00
-2.197204747823695214e+01
7.247688820460876924e-01
-5.250796446542790363e+01
-2.099901242556613212e+01
-2.960696101580098372e+01
2.008572156395037389e+00
-1.762301042617677949e+00
-1.743706860525071178e+01
1.568695169648771781e+01
3.835238811945289683e+01
5.374829199874879837e-01
-1.440673323693312646e+01
1.425818203295378161e+01
-1.366708149661635474e+01
4.686421646360584781e+00
1.813546654921773893e+01
-3.608281919170722318e+01
-1.257978920977395987e+01
2.138850508358816427e+01
8.567194624567665784e+00
1.124818815217347812e+01
-1.634066140824074509e+01
-1.366198610299784733e+01
-3.288840854318409335e+00
1.702478569956343790e+01
-4.572057080239930826e+01
-4.173631446459665284e+01
-9.987573692102580836e+00
2.677999135497588767e+01
2.585129765785097788e+01
-1.779451963833549044e+01
-2.194513615291146191e+00
-1.870903641085194380e+01
9.886504799891799422e+00
-1.587028712531586905e+01
1.970516856665878436e+01
2.532680879953987940e+01
1.711031697904862270e+01
9.389107641742850952e-01
-9.220879852372904750e+00
-1.128507452399881705e-01
-7.531013800243671952e+00
-2.326107215702639408e+01
1.832754365004399588e+01
-3.478109211923346322e+01
-2.153950656014358955e+01
-3.486538099088384968e+01
6.033433368895443349e-01
-4.024002600393919438e-01
3.206913958314022040e+01
-7.184774302542288993e+00
4.551550769220639836e+01
-1.673563693101899474e+01
2.618763464541186536e+01
-2.588058792650719031e+00
-2.499232978039803399e+01
-2.559610095095398208e+01
-1.914329653578113977e+01
-1.332597615608284158e+00
1.273527093495215645e+01
4.102850288277505797e+01
1.820022009317353096e+01
-1.968975360424144938e+01
-2.719485648691850344e+01
3.350620829960308100e+01
-1.607606160000698559e+00
