-2.684871277256646316e+00
9.190689708713133399e-01
2.200266428413698794e+00
2.335507538254666393e-01
-1.736965655013146037e+00
-1.084321396905901569e+00
2.974135253448464411e+00
-3.993048623560223831e+00
3.441141987233854671e+00
3.195884557079061716e-01
2.852088305345926500e+00
1.616942208057539077e+00
1.309591653947221879e+00
-4.049466878986117457e+00
3.590200843712553769e-01
-4.624304630599370691e-01
1.563317517384750444e+00
-5.185430833451237786e-01
1.040312330764304072e+00
-3.377036171098364292e+00
-1.563661491920066204e+00
-1.968335675241064120e+00
1.502898839730985703e+00
1.748938573993574330e+00
1.415385858144699194e+00
4.741067645616476867e-01
3.970999335923310891e-01
-1.445033257149177075e+00
-2.056700509061716975e+00
-1.366408033556105739e+00
-8.511303522672342137e-02
3.998436736364047173e-01
9.209547652099672188e-01
-2.433200655323841666e-01
4.410934933007530923e+00
-1.898707738531660194e+00
2.720371789521381700e+00
-7.479222748720131264e-01
-3.067122634661895386e+00
3.239468915040980779e+00
-3.989625848992237600e+00
3.039042305239085806e+00
1.583315383161782997e+00
-1.503863763694163191e-02
3.792369990302066007e+00
-8.673137632941313457e-01
1.467002784676729732e+00
1.060006902547065089e+00
3.179561225833202887e-01
-3.552075539179286423e+00
2.282211268696623385e+00
1.846851953914369071e+00
4.055834798894349946e-01
-8.969038530786361818e-01
1.803972577117924692e+00
2.207679087431652309e+00
-1.295781493304575926e+00
7.516703938153678211e-01
4.330211212408077159e-01
-1.004849883468248439e-01
4.901387689182901131e-01
-1.577750948440142631e+00
-7.780403535015744110e-01
-2.801898512371055805e+00
-1.066192533665099029e+00
-2.699083419984327215e+00
-1.625853127460703540e-01
-4.271920903814413473e-01
-1.233172045789079352e+00
4.565636333160341565e+00
-1.805418112380780649e+00
-1.667248037241211067e+00
2.673323002414937477e+00
-1.025175274862891950e+00
2.152125275729919629e+00
3.905442883094694118e-01
1.163926829258705720e+00
-6.692727683327800436e-01
1.721617941176290856e+00
1.038590877996157680e+00
2.819538972854613412e+00
1.152162189759532440e-01
-3.124447015989588183e-01
-1.239417410477691828e+00
1.234291144727586165e+00
-9.370515342702543382e-01
3.628883765757841218e+00
2.046258626360059285e+00
3.555150334392589428e+00
-2.089455054680648960e+00
1.712227400152408041e+00
-1.568290756348815318e+00
-1.451924925286546486e+00
2.845349997517843121e-03
-2.564937239331044339e-01
5.549339570534344013e-01
5.074312830208298486e-01
-9.638217658172267832e-01
1.748722264764250856e-01
2.105825127721885792e+00
-2.306107925812778348e+00
-1.538047763274214219e+00
-3.889728346045093321e+00
-3.322248681790344049e-01
1.897864388136638603e+00
-3.339225393692994093e+00
3.588446421448436396e+00
1.282333581301391412e+00
1.602303823313397935e-01
-3.053669144579815309e-01
-2.367853850349390665e+00
-5.344226844779436103e-01
-1.703411708596805685e+00
-2.602415684792026340e+00
-1.304344772565042998e+00
1.611287404788604105e+00
-4.098046701432735084e+00
1.555759044356276322e+00
2.117105740664329883e+00
3.183580384825063003e+00
3.155195196003490743e+00
-1.158832983797488225e+00
5.863392010937915622e-01
-2.002442640262688922e+00
1.613743063038735048e+00
-8.922374291841295157e-01
-4.902616562840842462e-01
-6.756943404117264906e-01
3.900121083917601483e-01
-3.993451237075460458e-01
-7.605012529573590419e-01
2.164855615463357807e+00
6.343588166696941144e+00
2.038990585046748460e+00
-4.431901156233617023e+00
-3.805352288843774078e-01
-7.854093655232534665e-01
-3.709992788710097411e+00
-5.813034435195510441e-02
-1.851902091603573552e+00
1.877681715756876146e+00
-7.065737204390586390e-01
-2.881009240673788163e+00
-1.832925195419456976e+00
-2.456284234010801093e+00
-4.001625674131301658e-01
1.625616228812077901e+00
-3.121363247397557217e-02
-1.185667283458511356e-01
-5.175098106694328237e+00
1.576744270191714481e+00
1.436883776026031345e+00
-2.999392407912639946e+00
9.754289261646978959e-01
-1.532069983457211793e+00
-4.241006950077974014e-01
-2.113379717890784271e+00
-1.590100206440965724e+00
1.115848166314899137e+00
2.013238197351712166e-01
-1.915357989785166914e+00
-8.941645797052011346e-01
-8.794629510770688441e-01
1.153572272877323668e+00
-1.083122953240815312e+00
2.644613094704103329e+00
-5.757999247727323411e-01
5.068890299757528695e+00
1.081982523076109981e+00
-2.258280061730933763e+00
2.726448143336397845e+00
8.259683268741959683e-01
2.300922126608131002e+00
1.082467261719877172e-02
-3.261898851585808279e-01
9.410374540553687606e-01
-1.373418688122807207e+00
-3.615078254496975063e+00
4.384291283653187765e-01
-3.323858973249573801e+00
-1.351445521237789826e+00
2.835880792466592748e+00
2.557489445852165755e+00
2.062887498902871153e-02
-4.540911987851518061e-01
4.035017720331524949e+00
-1.256840043239273452e+00
-6.263521346256197830e-01
-4.461778982580993924e-02
-3.620775402093522111e+00
6.180170019152544381e-01
-1.431128150458897519e+00
-1.950826746998498118e+00
2.990188870203630778e+00
3.178380044414837791e+00
-2.172142155689872567e+00
-7.000490790772979643e-01
3.182527933529338826e-01
-1.272213270444350286e+00
-3.713736090145260960e-01
2.150336220703412959e-01
-4.471216935028581752e+00
-3.973583575583564009e+00
-2.499036978785712293e+00
9.695493331677931259e-01
-3.437105328828656270e-01
-3.630308042551765091e+00
2.418492156407022531e+00
3.551116261955082898e+00
1.986040982290204537e+00
5.082777563122077291e-01
-3.601966919337742379e-01
-1.878091900067009767e+00
-9.070383930351252344e-01
3.908002721373216026e-01
-3.500943788239365251e+00
-2.529748433379313433e+00
1.207531237981182004e+00
4.423544696780360996e-01
2.290959887618691848e+00
-3.327403238377850681e+00
-3.495304083019252772e+00
-8.330208078882457290e-01
3.039770923042831807e+00
-2.998865471797224735e+00
-2.719566568151964070e+00
-2.244082467797504921e-01
2.827358229047703730e+00
3.092940390844635346e+00
-6.815761339917851824e-01
-4.954506557327627014e-01
-1.889181475764844187e+00
4.307696100324988620e-01
-3.117040425302718631e+00
3.197076750693284453e+00
5.893533277073528254e-01
1.484719491440441352e+00
1.071401048696372538e+00
6.984716175993074261e-01
1.219677712963363803e+00
-4.495667358407837710e-01
-3.423353973647290438e+00
1.680053115431944466e+00
-3.877820016693711125e+00
1.942442115256297397e+00
-2.115764082942012791e+00
1.407485478030761072e+00
-5.627849595070461008e-01
1.649874076636912212e+00
9.377062057983587273e-01
2.417640274845733739e+00
-1.800727590045863691e+00
2.537897026444288162e+00
1.073149644354587651e-01
-1.245626498727665066e+00
-2.227426728396917355e+00
-1.080432230554978057e+00
-2.369076231082578587e-02
2.352026559179074994e+00
4.563696956468131560e+00
5.368914135691269518e-01
-9.222582490030870606e-01
-4.349845330610540017e+00
4.278055719500132303e-01
1.542189290250406408e-01
