

gen best mean std best_sol
0 5.767431 -2.358692 5.435603
1 21.59832 2.68642 7.735567
2 21.438011 8.778119 7.493455
3 22.273983 12.53066 8.026959
4 55.121342 21.167958 12.465402
5 55.121342 28.408189 13.374713
6 55.109111 22.881671 18.397784
7 38.223359 27.478234 5.155612
8 35.607962 27.216694 4.644933
9 38.76619 31.333241 5.015881
10 47.46845 38.334229 6.059983
11 67.131232 48.595087 9.991895
12 61.41406 47.501389 11.970896
13 61.421 52.970184 7.371023
14 73.653013 58.121457 7.411074
15 61.421 51.221347 16.403926
16 61.393043 55.663354 5.733844
17 61.434781 55.667528 5.738026
18 61.41406 60.558154 1.846489
19 61.368052 55.594073 14.720423
20 73.214866 62.348847 3.62579
21 73.239489 62.351309 3.63317
22 73.2804 62.3554 3.64543
23 61.368052 60.535264 1.826265
24 61.352729 54.579262 19.560587
25 61.327113 58.022243 6.196038
26 61.160004 52.260326 17.294601
27 73.286523 59.218184 7.692088
28 73.299396 59.219471 7.694443
29 73.299396 60.105562 6.170933
30 73.299396 60.105562 6.170933
31 73.33058 60.10868 6.177604
32 61.160004 58.367871 4.068239
33 61.152567 55.524421 8.569649
34 66.866159 59.336601 4.230035
35 79.627773 67.093611 7.151233
36 85.979868 69.602487 8.756007
37 86.720462 72.175753 9.587866
38 85.979868 75.929833 6.962082
39 86.575109 79.171204 5.218209
40 86.673889 79.822618 4.85505
41 85.979868 77.257914 6.902175
42 86.172079 80.381011 4.314673
43 86.19734 81.631737 3.994771
44 86.172079 76.679138 17.55071
45 87.408186 82.947016 3.248094
46 86.800348 82.810524 3.254671
47 87.180899 85.037182 2.642806
48 87.290935 86.309341 0.526187
49 87.180899 86.404941 0.409794
50 87.255308 86.533774 0.387295
51 87.180899 86.709831 0.318529
52 87.321758 86.723917 0.341346
53 87.004731 84.193761 7.620469
54 86.94067 83.584849 9.47802
55 88.256062 86.914967 0.467271
56 88.256062 87.110246 0.541626
57 88.1168 85.839007 4.103753
58 88.049246 87.068349 0.362675
59 88.122285 87.189356 0.436185
60 88.078246 87.350716 0.440791
61 88.766981 87.587557 0.543958
62 88.766981 87.916251 0.46834
63 88.766981 88.129214 0.430015
64 88.876293 88.373194 0.425505
65 88.8377 88.404716 0.357143
66 89.140791 88.612661 0.318626
67 89.088698 88.740305 0.221723
68 89.031114 86.607872 6.439691
69 88.984805 88.692781 0.200048
70 88.8377 88.546794 0.382841
71 88.766981 87.647387 2.765606
72 88.754669 87.592056 2.663817
73 88.741821 87.490954 2.602861
74 88.847063 88.404317 0.394567
75 88.834581 88.507999 0.32018
76 88.748316 88.499372 0.312331
77 88.764053 88.513256 0.293405
78 88.741821 88.530661 0.253476
79 88.807129 88.618506 0.190807
80 88.741821 88.609653 0.183774
81 88.741821 88.665088 0.120924
82 88.847063 88.72161 0.057878
83 88.834581 88.720362 0.055233
84 88.748316 88.711735 0.041831
85 88.741821 88.625701 0.249142
86 88.741821 88.528285 0.363855
87 88.73477 88.404247 0.466783
88 88.732035 88.240256 0.592889
89 88.718591 86.801349 4.476456
90 88.715213 88.261869 0.392075
91 88.700039 88.162205 0.397562
92 88.684735 78.621895 28.595608
93 88.600012 78.591245 28.307139
94 89.425858 88.350711 0.580075
95 89.478806 88.41358 0.5645
96 89.494923 88.689515 0.589356
97 89.551671 88.745109 0.541909
98 89.386803 88.85737 0.488944
99 89.386803 86.667416 6.409626
100 89.795281 88.898218 0.545284
101 89.647265 88.892222 0.510969
102 89.647265 89.030462 0.502926
103 89.623045 89.079226 0.442636
104 89.663852 89.083307 0.447789
105 89.848963 89.357291 0.34719
106 89.848963 89.537274 0.197086
107 89.774014 89.558894 0.147562
108 89.674505 89.407593 0.475526
109 89.674505 89.585566 0.091971
110 89.666171 88.594845 2.943806
111 89.789211 89.444563 0.447029
112 89.663852 89.450276 0.344616
113 89.648636 88.459666 2.920171
114 89.785987 89.46249 0.354005
115 89.667845 89.450675 0.344865
116 89.847007 89.504426 0.260527
117 89.648636 87.888541 4.751574
118 89.630336 89.091104 0.746482
119 89.622927 87.74823 4.749197
120 89.56217 88.818852 1.007549
121 89.541741 88.285718 2.864409
122 89.531912 87.64228 4.71436
123 89.468352 88.013096 2.837776
124 89.386803 87.569974 4.688125
125 89.314473 79.353246 28.463225
126 89.402164 88.760773 0.765954
127 89.481503 89.005921 0.279986
128 89.205567 89.01528 0.180888
129 89.194116 88.993915 0.169404
130 89.188487 85.599905 10.116496
131 89.174092 88.867418 0.210172
132 89.083299 88.703992 0.429311
133 89.046197 87.782176 2.670711
134 88.991918 79.037809 28.409132
135 89.703399 88.667858 0.537428
136 89.726936 88.705087 0.482887
137 89.832552 88.715648 0.505735
138 89.726936 88.705087 0.482887
139 89.726936 88.875314 0.490125
140 89.771661 88.879786 0.498016
141 89.66202 89.006327 0.287786
142 89.616297 89.04346 0.250436
143 89.66202 89.12264 0.212357
144 89.777762 89.231827 0.256958
145 89.74866 88.358915 2.883226
146 89.812018 89.384254 0.247087
147 89.74866 89.374822 0.228101
148 89.702396 89.201431 0.527973
149 89.725916 89.40886 0.201506