6.493483896853857296e+00
1.749502016921263170e+00
-6.982647726771039842e+00
2.737312792757992774e+00
-1.746215827914447072e+00
-8.943997528003565511e-01
-9.690144579656362112e+00
-4.601311557485369796e+00
-6.020291908397639169e+00
2.387763740116818578e+00
-1.575634747624042831e+01
3.190537991792165684e+00
-9.049916863766718222e+00
-7.106726898991064800e+00
4.828351267885087061e+00
-1.350802998915217046e+00
-2.805338403396261615e+00
-8.765382015040978914e-01
1.051345325136536069e+01
2.350604714458224720e+00
1.302058287853909757e+00
-2.917029921430711603e+00
-6.763436339408306353e-01
-5.745379002731798579e+00
-9.498107865799761740e+00
-9.172451219194600824e+00
2.392058347679030805e-01
3.138382775750423459e+00
-4.765202594255657509e+00
1.500417842005206559e+00
-2.167134570747449640e+00
-8.351801214508324023e+00
1.866394418458488413e+00
-2.839311186528228781e+00
5.064278183349228968e+00
3.760057637147424803e+00
-7.781225713160432989e+00
-1.154199609325815423e+01
-6.064235383092242415e+00
2.619737872379812149e+00
4.619790466844537313e+00
1.233906090883405682e+01
5.432790523555583562e+00
-3.335081885803499624e+00
1.526018939040203648e+01
-2.000925181762380767e+00
-5.720405739844415249e-01
8.459148773583382575e-01
2.661509298025042103e+00
9.297256450274320461e-01
-4.315218366929784111e+00
3.889049247617646810e+00
-3.173789107319746616e+00
9.587016923027416482e+00
-4.014514305974949404e-01
-7.561237093939852105e-01
5.358348113409007851e+00
9.969388892190847784e+00
4.397488788207059685e+00
-9.891072043272021830e+00
1.851381614740918113e+00
-7.189404374150491606e+00
-2.474520927842627227e+00
5.916110841015925992e+00
-3.395667344156185763e+00
-1.422425409592063872e+00
1.936952395284680994e+00
-3.228578361875637182e+00
-4.919732611804479738e+00
-7.256736293570438256e+00
2.139697486521644709e+00
1.456153390825368765e+00
2.734703102009897968e+00
1.068286497354257136e+01
-1.153628155265866440e+01
7.881225728234575456e+00
9.111819221182933859e+00
-8.747656445643704259e+00
8.196545051699207107e+00
-7.905182826005278329e+00
-4.262298163834826958e+00
1.656088827611098324e+00
1.198696767979846811e+00
-1.717938183470981528e+01
-7.698243403666975571e-01
7.132581516778297548e+00
-5.644913731742531304e+00
-3.768731397709102371e+00
3.318467621558841785e+00
-2.767022710033501198e+00
7.834522855530070551e+00
-4.426729958803655940e+00
6.464039497007540547e+00
5.072659759594327689e+00
-1.252828347901448680e+01
-1.112217781700036268e+00
3.104168190863003218e+00
7.845758562629377764e+00
5.984424749781277697e+00
3.103189684805478077e+00
1.117608257807960825e+01
-5.720891818622156899e-01
-7.376073875790054579e+00
-2.281153767396978616e+00
-7.382281839378889821e+00
-6.202876062996256934e+00
8.387990489773544667e+00
3.793372337039918829e+00
5.530542529174969246e+00
2.096753958324962586e+00
-4.302435820352233264e+00
7.108595444907045646e+00
1.019224377024346673e+01
5.995555553711415797e+00
6.606946739680258140e+00
6.951832233644482884e+00
-7.859969519055355569e+00
-2.508217226923214138e+00
-8.267624676969676401e+00
3.010079918502359675e-01
-6.808342634404845661e+00
7.253050483513722391e+00
7.194044983369002111e+00
1.093327477789552526e+00
6.266409291229174450e+00
1.256061230603743972e+01
4.367329911908398365e+00
-1.971783554483073964e+00
6.184542816706390944e+00
-3.017946547180283101e+00
-2.129101422742752714e+00
-7.981746466020620545e-01
8.209216833859954932e+00
1.209118279865149148e+01
-4.801170966336470336e+00
-1.161971922655249623e+00
-4.517850563840013933e+00
1.016378858183985878e+00
-3.738391522454896698e+00
1.263361060209332365e+00
-8.899550127585904580e-01
2.947092719150694595e+00
-6.764993642486873959e+00
4.672650440375750058e+00
1.512662041810937907e+01
-8.281434174904688916e+00
5.481493994741344356e-01
2.826560433420735485e+00
3.153007313967008507e+00
6.129850923226045190e+00
-5.793449877282146332e-01
-1.360003195367794016e+00
-3.532744460197920766e+00
-1.413802147475989912e+01
-1.634771857897679093e+00
8.397226543023558198e-01
-3.923123418587825650e+00
3.456059412603525338e+00
-4.318728659073484799e+00
9.876438114950992997e+00
-6.083571175046815771e-01
-7.185298102133064191e+00
-8.304889349996226855e+00
2.190185989051040227e+00
-5.162153308973850940e+00
-5.711660726639787633e+00
7.643163301021775879e+00
-9.750222175798345603e+00
-1.164683561863764538e+00
6.211673399181232291e-01
-4.592075769779591532e+00
1.734668565748585189e+00
-4.076987259340749681e+00
-2.460784626811398645e+00
4.295953910962192701e+00
-2.358172443025851717e+00
-1.346969596762664878e+01
1.014634904276122462e+01
1.885759629245035596e+00
6.751929524263781346e+00
3.670952872240790477e+00
-1.746034569843254669e+00
-5.998962080463539515e+00
8.222143248877175070e-01
-3.328645334022510394e+00
-1.727756705830267858e+00
3.592748322778950065e+00
-1.267001805394546876e+00
1.786612701334844999e+01
-7.082352161564258175e-01
1.218499823715651864e+01
7.726073093103275058e-01
4.206444732926826191e+00
1.385557140705391266e+00
4.865057960334581821e+00
-3.501486519427777999e+00
8.755578413430061602e+00
-3.900544077212571459e+00
-4.754000405600709023e+00
-7.155543738468663761e+00
8.919998051506118131e+00
-1.329829951930871834e+00
1.036936435411259794e+01
-4.102732655276250640e+00
4.270996345358369695e+00
-2.852447563790589502e+00
-8.887537549450239993e+00
-1.500220928998807324e+00
-1.291606090749711555e+00
-5.047914466022284330e+00
-9.814532499785663333e+00
-5.234321980030607335e+00
-2.689973723336369638e+00
5.081260299711490624e+00
7.881187280564416753e-01
-6.271632437600079824e-01
-3.241168769630971447e+00
6.945421698643720054e-01
6.440904787824697664e+00
-5.900370449768213454e+00
-8.810838928879127785e-01
-9.201546428800503108e+00
-6.635427130618137603e+00
-9.095719051174906866e+00
3.832212958061335328e+00
-4.439149373788083608e+00
2.069832416220633853e-01
-4.107415729890998790e+00
6.843862130276406219e+00
2.008609436068198306e+00
5.886521508320131879e+00
1.067281962317881927e+01
-8.947465072198410141e+00
3.248601663902451975e+00
-2.982014193389358692e+00
4.168577219617896290e+00
8.142584581119590936e+00
1.229426586627515228e+01
4.335061384042638188e+00
3.111387570273451697e+00
-7.863859627535485508e+00
9.102472157312757162e+00
-9.419068113811146503e+00
1.103843058417352374e+01
3.902793614690327928e+00
-4.643162160282189532e+00
-2.117894811926411158e+00
2.850620562568011884e+00
-1.151334567408611420e+01
4.764389676091828285e+00
2.413222513988271700e+00
-4.022178262411097549e+00
-9.025048791347938248e+00
-4.136659242833530037e+00
-2.298338381618254100e+00
-1.866728174098154280e+00
4.170681378534748518e+00
-7.442285436249691521e+00
-2.459543218851958368e+00
-1.461783783225979461e+00
4.072726559620216236e+00
-9.458394181235915354e+00
5.233958935322747585e+00
-6.256125261179894537e+00
3.471261565951183403e+00
