1.151369045655378232e+00
1.882867775786393860e+00
-3.458475177780941046e+00
-1.823055199014887773e+00
-5.335348169113527383e-01
-1.464253272946113293e+00
-3.204081276719587201e+00
1.630346211130002665e-01
-2.578183515090274991e+00
-5.928164101719498591e-01
-4.718132368678265465e+00
2.928769391156746948e-01
-4.575523602518940081e+00
-1.685217916847337349e+00
2.254349342862173255e+00
-2.151088142197482345e+00
-2.158475969679541695e+00
-9.105936306625705967e-02
3.264940713591516719e+00
1.301696715352870015e+00
1.836087824834291560e+00
2.392259336407931425e-02
2.269149005491601478e+00
-1.682383879224585321e+00
-1.864778730618464664e+00
-8.299505832209869149e-01
-4.532473461090597011e-01
3.116669540042461550e-01
-2.012908147399603109e+00
1.035843450215755857e+00
-1.843029329543259154e+00
-1.108084633564306642e+00
4.720708537470139077e-01
-9.193233755407983487e-01
3.532413006255530341e+00
-1.201423701785645282e+00
-4.092387604779530008e+00
-4.191848886538951824e+00
-3.268713469159523211e+00
-1.450867938487647057e+00
-3.246017736709949641e-02
1.437350585843380602e+00
1.219159231054690817e+00
1.604281241165059324e+00
4.126719489058897850e+00
2.029567093551897017e+00
-1.964801379473289922e-01
2.667366982622687122e+00
2.121145152009868973e+00
2.538562415519012294e+00
-7.010330710505121576e-01
-7.761048001776015282e-01
-1.954145809737828809e+00
3.751427593442218100e+00
-1.688046585043992409e-02
-1.409427353841516961e+00
5.575026654734134279e-01
3.942181951332361045e+00
4.123173648216920117e-01
-2.586416546576180142e+00
-3.220347247530107038e-01
-2.821797124444780813e+00
-1.664762076984082295e+00
2.514285583017551673e+00
8.354688757343287087e-01
8.962460098322133639e-03
-2.378370333602000675e-01
-2.938975404514050371e+00
-1.327667662186151620e+00
-1.027776147370015325e+00
5.355985289542954941e-01
-9.746305351354831448e-01
5.250868298675361867e-01
3.442012941390998115e+00
-2.639032139420876888e+00
1.371531878711885533e+00
9.923382459926215482e-01
-5.025736329782096057e+00
1.900982417365398858e-01
-4.128722260577611713e+00
-1.437620878357808385e+00
2.101700683244146717e+00
9.376134908232346410e-01
-5.797264930055581189e+00
-5.428919898859687621e-01
-7.279294177632088525e-01
-1.248827998985810872e+00
-2.025937999183538896e+00
1.217618029065722585e+00
-1.877815554931131725e+00
9.553081864913081089e-01
-2.662183291207815383e+00
2.238735237234809716e+00
1.322029554811486429e+00
-5.689075994971427797e+00
-8.362610288978937767e-01
7.940371083259288865e-01
4.668501906389674327e-01
2.323358647754115491e+00
2.615551260871195716e+00
1.576973798145231864e+00
-1.655043759030304651e-01
-2.858749326725524842e+00
-8.932452132808622602e-01
-2.695235911462429357e+00
-1.514437311745318704e+00
4.133711663614335841e+00
4.100366931923499214e-01
3.594167605324248616e+00
5.493532017435559522e-01
-3.664916569012158565e+00
1.003500198302056168e+00
2.438717158893284331e+00
2.799613946715430401e+00
5.897155429210199085e-01
4.449647672107138519e+00
-4.647897880876737942e-01
1.426414831282631912e+00
-2.784850311054560379e+00
-1.048004785232455660e+00
-4.569110156754654817e+00
1.514037873573092163e+00
2.420503360188420494e+00
1.202379954516220817e+00
1.502539213556730147e+00
5.448007158631010149e+00
6.651281738209822159e-01
2.993294582000036175e-01
1.608642479677822923e+00
2.785355245793900147e-01
-1.406896124068851561e+00
-3.583325928901532897e-01
4.165637069929898573e+00
3.456304111691002046e+00
-7.264234096422881315e-01
-1.697173752483627229e-02
-1.960012282529011163e+00
8.618291197192813335e-01
-1.376186917932502363e+00
2.402992012704875391e-01
9.602623303858109916e-02
1.560804780343407305e+00
-9.228313671906201998e-01
-1.760354791369706795e-01
3.986291954056311759e+00
-5.995544503634832045e-01
-2.220734508874464552e+00
2.348235961748168510e+00
-1.035297369102863296e-01
1.817100386511087518e+00
-5.356124173718077586e-01
-1.280759160080888082e+00
-1.609935260019171643e+00
-4.224524062744292152e+00
-4.327062207103217206e-01
1.667218199418492475e+00
-2.544587277024930039e-01
-1.214616606113444464e+00
-2.959016585971630531e-01
2.295759165592890394e+00
8.693752013086685215e-01
-8.443334564558835353e-01
-1.331469454971497379e+00
-4.136756177796252487e-01
-4.077812752690045173e+00
-5.873933975514286088e-01
4.403669136023124153e+00
-3.261734225088815275e+00
4.206959452688365797e-01
-1.496885415789157570e+00
-8.297965927753955251e-01
1.430492452040041940e+00
-1.040406010081610599e+00
-3.286115316437867584e-01
6.005765417719811650e-01
1.561534918888054513e+00
-1.673191830438885974e+00
4.601575073925502579e+00
1.713006107873493722e+00
1.500704301777428640e+00
2.225851575971544705e+00
-4.505480506663859241e-01
-3.533830237462997292e+00
-6.424590109328245369e-01
-2.527654264698191988e-01
-1.677664888129059895e+00
3.524990295471628343e+00
4.629453299919310538e-01
8.525586280586740173e+00
-5.542740596998050329e-01
3.060279147435126745e+00
9.695095033942435769e-01
7.229555995057896922e-01
1.965695111253892069e+00
-1.761351212219032236e-01
9.750074556421002292e-01
1.139488405276599670e+00
-2.861763605713578240e+00
3.632570812784101655e-01
-2.095339693535328340e+00
4.028773668443768052e+00
-2.405271478290482157e-01
2.910105074590426888e+00
-1.464590298811821345e+00
6.342651470049686102e-01
1.319679649824658352e+00
-2.019786463200365922e+00
1.656722894114733613e+00
-2.294668424796658945e-01
-2.605239441553859780e+00
-1.522592072022916465e+00
-8.706802422860628887e-01
-1.246767507336927094e+00
1.980926834263478931e+00
-2.101707250912532299e-02
1.445817437218724688e+00
-6.782843806512107721e-01
-2.206067267161487599e+00
9.039229099329788575e-01
-1.440368627939242696e+00
-3.205764586205596123e-01
-4.080661570376460823e+00
-2.825177063703911085e+00
-2.706118932741810035e+00
2.150248377835391467e-01
-2.188638238470409725e+00
1.046956608980709857e+00
1.089153790001451849e+00
1.164142301513751754e+00
4.927022367162445238e-01
3.868523069113795287e+00
2.217003810099031913e+00
-1.885245075638678491e+00
6.689125534405553353e-01
-2.978953831726455004e+00
1.552075717790704745e+00
1.840629290179766731e+00
4.965348980058851502e+00
2.878139221401653902e+00
1.852178596504143293e+00
-2.999878705417548197e+00
3.086075823131166906e+00
-2.625833694585715250e+00
2.857411827719954278e+00
3.296920785028443213e+00
-1.067890914806669977e+00
-2.416875402164875730e+00
-2.704163111317653412e-02
-5.300149358301344371e+00
-2.023272543085978814e+00
-1.001142736738907191e+00
-1.495822595712792413e+00
-2.985471952052933364e+00
5.094160319216273214e-01
-1.840002464290591000e-02
1.327850973970817750e-01
3.985277827707953247e+00
-2.045868427894184993e+00
2.157864829125047401e-02
-1.300935421387762858e+00
1.682983506227873072e+00
-3.344338558048438159e+00
2.684703843894573616e+00
-2.582434446017489726e+00
1.542938384243235150e+00
