

gen best mean std best_sol
0 24.305303 -0.94606 11.253118
1 43.082849 8.052408 15.115178
2 43.043446 10.8413 12.970438
3 43.014034 16.583235 13.204504
4 42.962444 17.645918 12.37718
5 29.200547 20.979994 5.608732
6 44.431084 24.173193 8.310484
7 29.200547 19.710351 10.517612
8 33.514175 26.130174 4.547527
9 32.932795 27.365997 3.020628
10 32.874633 27.360181 3.009941
11 33.466505 27.495687 2.983162
12 29.237146 25.425974 5.871763
13 29.200547 23.364529 8.540609
14 29.200547 26.433911 2.242855
15 39.061233 30.046827 3.559058
16 39.000316 33.125679 4.034507
17 38.88614 30.163661 10.497542
18 42.474624 35.596441 4.318373
19 42.265045 38.864714 2.931911
20 42.138518 35.85639 8.34192
21 44.874764 39.039386 3.245128
22 42.136733 38.765583 2.830208
23 44.911619 39.894925 2.699104
24 41.830696 38.715307 2.823664
25 41.797867 33.925029 13.588482
26 41.300615 31.435217 14.170183
27 42.659248 38.284203 2.800901
28 42.659248 39.097207 2.321504
29 41.300615 36.412202 7.151535
30 41.275517 36.782029 3.745221
31 41.245482 34.002389 7.958655
32 40.69834 35.473518 6.723145
33 40.697552 35.457236 6.710657
34 40.535524 35.441019 6.698158
35 40.535379 30.778412 13.89306
36 39.552537 29.38971 11.387838
37 38.88614 25.763707 13.202768
38 36.658275 21.534044 15.38029
39 38.940644 30.82339 8.957113
40 38.865907 31.594724 7.969725
41 38.880798 31.596213 7.971085
42 38.940644 31.602198 7.976572
43 38.83209 26.771938 14.237808
44 36.658275 24.568108 12.987838
45 36.487383 23.947209 12.382513
46 36.459297 23.043722 11.929665
47 36.447574 21.213579 10.804386
48 32.189316 21.431021 10.02529
49 32.189316 25.922435 3.883561
50 39.352203 29.170665 4.525174
51 40.551515 33.176121 4.90498
52 40.551515 35.417802 4.140674
53 42.530343 36.875324 3.965228
54 40.551515 36.247894 3.319527
55 41.793228 38.70118 2.756282
56 41.970082 40.188974 1.324417
57 41.88894 40.449501 1.099089
58 48.966944 42.210914 2.414096
59 48.966944 42.210914 2.414096
60 42.895714 39.970978 5.730099
61 42.737871 41.868943 0.726595
62 42.714543 36.717581 16.240732
63 42.822432 42.138412 0.320407
64 43.09494 42.244078 0.346468
65 42.653322 37.861747 12.933368
66 42.326582 39.43756 7.892575
67 42.305697 41.822426 0.856026
68 42.129212 38.475331 10.740695
69 42.108571 39.110276 7.821427
70 42.104018 41.23837 2.303349
71 42.095144 37.702972 12.990718
72 42.884685 42.18741 0.25417
73 42.799495 42.205403 0.218625
74 42.855479 42.24522 0.236346
75 47.95817 43.056359 1.757347
76 54.386067 44.285451 3.784367
77 54.259501 44.333365 3.719842
78 52.786396 40.994058 10.773498
79 47.95817 39.760315 11.189269
80 54.192089 43.657382 3.719176
81 54.31443 46.075708 4.761831
82 54.23012 46.124482 4.704425
83 54.281235 47.518794 4.163836
84 55.328304 50.830476 3.208928
85 54.997333 51.325172 2.604405
86 55.102972 51.948785 2.567871
87 54.951845 52.517741 2.390493
88 54.951845 52.384527 2.618248
89 55.265028 53.697493 1.705819
90 55.184392 54.769234 0.335395
91 55.297376 54.942991 0.321847
92 55.456369 55.034281 0.288134
93 55.427407 55.145075 0.18895
94 55.409586 53.955391 3.596801
95 55.342731 55.123365 0.184393
96 55.291425 55.151754 0.087381
97 55.231176 55.082401 0.280232
98 55.231176 55.177726 0.034458
99 55.228929 51.31053 11.58381
100 55.20101 54.999283 0.47061
101 55.239744 55.092129 0.207621
102 55.239744 55.158358 0.039744
103 55.239744 55.187625 0.031688
104 55.22643 55.159558 0.071889
105 55.222022 50.790527 13.167124
106 55.205978 54.42086 1.935661
107 55.252935 55.077088 0.319145
108 55.372524 55.153131 0.143557
109 55.205978 52.032613 9.289242
110 55.226871 54.463761 2.005841
111 55.192078 49.909343 14.275662
112 55.271292 54.71134 1.280529
113 55.282549 55.132437 0.131048
114 55.192078 55.148753 0.035816
115 55.189677 54.417422 2.179797
116 55.184392 53.798193 2.82514
117 55.169727 50.077764 12.906504
118 55.161862 54.253284 1.892031
119 55.161862 54.732385 0.758367
120 55.147435 48.598263 18.274388
121 55.142883 47.933258 18.318054
122 55.10604 51.298801 8.290964
123 55.104424 53.997455 1.087829
124 55.089014 53.380237 1.801528
125 55.155852 54.002598 1.093158
126 55.1838 54.005392 1.096135
127 55.220289 54.009041 1.100105
128 55.157657 54.002778 1.093349
129 55.089014 53.995049 1.085402
130 61.532133 54.882506 2.427425
131 55.089014 54.544641 0.775083
132 55.283049 54.792329 0.540093
133 56.463771 55.06824 0.613713
134 61.305736 55.842576 1.868541
135 61.443422 55.856345 1.90882
136 66.547443 57.047075 3.67895
137 61.443422 55.299555 4.951904
138 64.475832 58.004041 3.083005
139 64.521594 58.063873 3.048051
140 61.443422 57.941206 2.183255
141 60.937616 56.516374 3.613555
142 60.984385 57.036817 2.423519
143 60.634647 56.705696 1.682724
144 60.544042 57.410085 1.773286
145 60.517678 56.702514 1.79317
146 58.77739 56.197017 1.437287
147 58.452003 53.683123 8.633635
148 60.299601 56.416 2.276097
149 64.522069 59.111311 3.125441