-1.205901752295853768e+01
-3.774670640103656893e+01
4.204652638182615476e+01
1.852083873544700765e+01
3.676796484978090529e+00
5.419992845207313081e+01
2.195018331669980682e+01
2.028381690993040554e+00
1.753168899288773019e+01
-1.106838792922054040e+02
-3.095281876285184097e+01
4.705205517515177149e+01
-3.702548483841079729e+01
1.133980003187709862e+01
2.479089746392548932e+01
5.983359969520249066e+00
-8.479205651807005495e+01
4.930109868406898244e+00
-1.373824161202844785e+01
1.974831026766014119e+01
3.481002675599066265e+01
3.829080255900455398e+01
2.356348509564250548e+01
-5.506450809971241256e+00
-1.646072421877857650e+01
1.274338773244564749e+01
-3.599786900458153416e-01
8.466130402953020440e-01
-2.523841023696194341e+01
9.546807304717492837e-01
-7.153091539241311636e-02
-4.286634448070201131e+01
6.470075190786111818e+01
1.276690384307328507e+01
-5.137847242237718604e+00
4.922607049616714647e+01
2.620373097361229853e+01
-5.498585463389800765e+01
-1.887874850825640749e+01
-9.443572167509000082e+00
4.165784990258788412e+01
-8.253967244517141921e+00
-3.613717703196554965e+01
-4.043263811513698869e+01
1.782728330045012077e+00
5.165645760067670267e+01
6.334765163568069113e+01
3.701894806673124805e+01
6.284947319878759942e+01
6.304147787721727791e-01
2.381520628649886362e+01
-9.798779071176126010e+00
-1.402936159421675200e+01
-1.125636375528742938e+01
2.451129739995265666e+01
-3.052239772921052818e+01
-9.017910608521507498e+00
1.776773387366181822e+01
3.886858755147774502e+01
-3.460138927871502457e+00
2.296554715949850234e+01
2.628555584502548559e+00
-6.765201286829994842e+01
3.009485563263348240e+01
5.900266858979148310e+01
-4.385466221612525572e+01
1.914779207223342183e+01
4.189135030560389339e+01
1.032799014903794728e+02
3.691802271579732064e+01
1.724225478153112556e+00
6.470711672730894648e+00
3.349519914612371529e+00
2.616096942049036045e+01
-2.009674990538045591e+01
7.424871755524704575e+00
1.963073532512139963e+01
-3.362013121215913003e+01
-3.028948502606990800e+01
4.998473048298519927e+01
2.064101726211780630e+01
-1.574518396357114369e+01
-4.000808120906210519e+01
2.283007898984630657e+01
-5.509150892598845672e+01
-4.792253064992132217e+00
1.494456197798149510e+01
8.988448745665090200e+01
-5.414176763261302483e+01
2.164164180141676042e+01
-1.385035848531437885e+01
1.400380796481357137e+01
1.668959566917240522e+01
-1.836943839306818660e+01
4.102161662567061029e+01
2.345784177157983663e+01
1.165992789250625883e+01
1.979129152765605326e+01
-1.460774297823555123e+01
-1.495517312214273531e+01
1.478900656198367081e+01
-1.778273592182307894e+01
-9.641497258925721070e+00
1.031493117330152387e+01
-9.389324147082922511e-01
-2.079206997422147296e+01
3.443560989151225016e+01
7.285509212657458100e+00
-1.031374871379329861e+01
2.558146254506291228e+01
-5.829386266537530048e+01
-1.072701416031955191e+01
1.521349538606824758e+01
1.676259173706778682e+01
-4.337399462087735458e+01
2.897731843599797230e+01
-1.323776567796530657e+01
3.854420337731317403e+01
-5.256301097540561784e+01
-4.272195034459654295e+01
-4.015525200278432294e+01
1.466395913761930991e+01
1.186293071086242179e+01
3.717621367085718020e+01
-6.315145509265902035e+01
-6.624602177709461159e+01
3.425700684851120315e+01
2.507081715415580092e+01
5.745709338444587644e+01
-3.870211780710576477e+01
-2.285542621665561924e+01
3.214508664029962404e+01
-1.748911177797813110e+01
1.168862459206401638e+01
4.321368753272361118e+01
6.756540434237394699e+00
1.759898234224792901e+01
-1.029472671400812622e+01
-3.082355921931159770e+01
-1.816072576240975067e+01
-4.905146074842570414e+01
3.018346779668851099e+01
1.466310348066666513e+01
-2.132971489319208658e+01
-4.471096767185413157e+00
-6.537299241705770925e+00
-2.534435608802905548e+01
-1.915755846946357721e+01
-3.105567151900706691e+01
-1.625919802268826686e+01
3.318295382180055952e+01
1.780853985786246874e+00
-8.852908328873867916e+00
-3.156224175370533302e+01
-8.741436807924424457e+00
4.051468523913534625e+01
-3.114413740904967298e+01
-1.906635106491506093e+01
1.555682903370543890e+01
-9.514764239829728965e+00
-2.035123518653062291e+01
-1.755497261479247939e+01
-4.207448896176229169e+01
-1.616114606201907122e+01
2.047945011878620747e+01
-1.879512205658726032e+01
-4.568550447828839900e+00
-3.840412731540510549e+01
-4.554805173445540589e+01
-2.595173647499774194e+00
-6.201595170672175783e+01
-1.301693365495646226e+01
3.807115490304479266e+01
-9.896786525561770631e+00
9.673213920188167947e+00
1.151789171875688744e+00
1.386871880239534782e+01
-4.716293248476242184e+01
-3.752649565331821258e+00
1.553702492821042469e+01
3.212147313652407377e+01
1.846649573811170697e+01
-3.567944219072558809e+01
-3.906869569599232506e+01
-1.557641679509431931e+01
7.592415327768642364e+00
-1.826281427530600965e+01
2.012027991487959966e+01
-3.564407693972177782e+01
1.375942217085651720e+01
-2.435444622588312669e+01
-4.297225119312753350e+01
1.438337717003689420e+01
2.355574694737750363e+01
1.430739551000487531e+01
4.839255809357986493e+01
-7.931103581397317726e+01
-1.811400952659564112e+01
4.704249490350254348e+01
-4.802812221765618261e+01
1.645749962105943709e+01
7.430961087262869746e+00
-2.123542188388469754e+01
-6.158077121628620887e+01
6.003989564547956093e+01
2.453326149345363305e+00
1.692834780093413727e+01
4.890476140910977421e+01
5.925442727502790063e+01
-4.305626334222470319e+00
-3.133081495718552656e+00
-5.772308678164909779e+00
-6.277955569131165703e+01
-3.797731624015259655e+01
8.664676829451997264e+01
2.905637802605551201e+01
1.528598161818344714e+01
2.124454560356284993e+00
1.521679877416975835e+01
1.259529195118117961e+01
-2.321707079464833257e+01
-1.333098957921495220e+01
-5.300091222288988746e+01
-2.283061696325923862e+01
4.533199164777984791e+00
1.095631148539376731e+01
5.380036694465567848e+01
-2.741591501865928393e+01
4.544544780032159004e+00
4.557524378785345931e+01
5.594539793514550752e+01
5.547115833586952505e+01
-1.326732970582425963e+01
7.082408087786417639e+01
8.302931490508351331e+00
1.268987333438081677e+01
-4.391349874782287799e+01
1.665846440547593588e+01
4.616347032651197679e+01
-1.774559015285529995e+01
-3.023221759559590893e+01
-4.170213093978925478e+00
4.704777023695379512e+01
-2.020033247245801178e+01
-2.432999077330266857e+01
-5.215002551718596280e+00
-2.700095598154317855e+01
1.459388891813600964e+01
1.284265239664133240e+01
-2.785478784366361893e+01
-5.089386453601920124e+01
2.576061383734732857e+01
2.507881605761351551e+01
-3.519985952775478921e+01
7.968633754047929507e+00
-3.370403756908068260e+01
-6.192547558156764609e+01
4.174184247913900947e+01
7.504989593762304878e+01
6.192413888498936814e+00
-4.248764689854377963e+01
-6.725828535175256917e+00
-5.712476711928700013e+01
-4.938472036050438163e+00
3.259876288794432497e+01
