-9.448458151340644040e-02
-8.950040781847413029e+00
1.093157693711633094e+01
3.711178523469034207e+00
-5.748000450010637419e-02
1.293497344204048360e+01
2.251537181180651270e+00
1.891761513736756495e+00
6.620667859046098336e+00
-2.242988241025075524e+01
-4.981944038294521704e+00
8.464372109442559022e+00
-7.645382680508155282e+00
2.455097848823623252e+00
5.693000480610892033e+00
3.968519389078739135e+00
-1.520304789299535386e+01
2.553849319871665191e+00
5.621881031754654146e-01
3.996550581012217940e+00
6.382090488816781537e+00
7.388695758468506902e+00
5.162615337102877788e+00
-1.422584269823413461e+00
2.216199338563668020e-01
4.992097855515642557e+00
3.686086413199680667e-01
-1.598891443839679072e+00
-5.860120115382876804e+00
-2.211974046937113858e+00
-6.344705219321591372e-01
-1.285342916104078803e+01
1.345337699810506571e+01
2.619252826792606736e+00
-2.887220890581463806e+00
9.505612312243098216e+00
2.563088096214669598e+00
-1.116080606071156645e+01
-3.349326270087642055e+00
-1.145999125218976733e+00
6.064893112774621287e+00
-1.594082940529072401e+00
-8.392100294616103184e+00
-4.853768931693407396e+00
-2.689598922976318640e+00
9.034791146590041677e+00
1.199958625157414183e+01
9.440775442954148389e+00
1.312535568150273768e+01
2.849612631970537269e-01
1.696002629360675140e+00
-4.024428699463062920e+00
-8.016926641280168742e-01
-2.614755501333053900e+00
5.831931407185989791e+00
-3.234543090609333760e+00
-3.249297532781807885e+00
6.013430632838169254e-01
7.714089435192219568e+00
3.071456195512640264e+00
7.910570920704275366e+00
1.697222486632388838e+00
-1.444596789525073355e+01
5.420068674661144392e+00
1.260409036387803994e+01
-1.128226159470139400e+01
2.761252730750104245e+00
7.246279399941136568e+00
2.323666940974016626e+01
7.465278885887561167e+00
6.410782628961255725e-01
-1.764297023353348370e-01
1.441801984526041691e+00
2.678380560034550939e+00
-5.529807317241768772e+00
1.757475906576481783e+00
5.923029750043479424e+00
-1.047788217257891752e+01
-6.336584848760762334e+00
1.023012283375117448e+01
2.848424272460571949e+00
-1.934088294809356068e+00
-1.010869695370074339e+01
4.082289393862920335e+00
-1.128499091006620247e+01
-3.288172299207551053e+00
4.015104273540154090e+00
1.772129446663954511e+01
-1.163860197323976564e+01
3.324798436485487230e+00
-4.952785813500264034e+00
6.822579594247504264e-01
4.341683943396843937e+00
-2.912134835447494297e+00
7.243467730679206795e+00
3.581503170291488125e+00
2.693082300970762510e+00
2.734942330447153847e+00
-2.262023784784640945e+00
-4.965150978838928530e+00
4.499094578017586166e+00
-6.956033542983930396e-02
1.697889138882888727e-01
1.505277601853735714e+00
-1.342650484199985117e+00
-4.163920425711650886e+00
7.706419936145873173e+00
1.402845323314781067e+00
-2.168572013344411964e+00
5.443649830347188967e+00
-1.374986234185490552e+01
5.117233701264713996e-01
1.093122638343992481e+00
3.536497728199040402e+00
-1.144677831709712734e+01
3.746039741888293584e+00
-2.419266778189246736e+00
7.724817595743642684e+00
-1.202409115977672727e+01
-1.055744916832903790e+01
-4.834777164817983142e+00
1.313744237339651733e+00
1.533959039236610922e-01
4.640651014072654235e+00
-1.379105024486729114e+01
-1.340439859627757890e+01
8.916031732333705051e+00
4.539813844982002244e+00
1.267171397210642780e+01
-7.188367593453228288e+00
-6.008553042717634796e+00
6.356083835091848044e+00
-4.102167010585896501e-01
-3.124466437703361521e-01
8.527592020519282556e+00
-2.112088839962076303e+00
3.057161896192854833e-01
-1.262706694951700293e+00
-9.684784634750334575e+00
-6.030141360081833213e+00
-6.440388296247903099e+00
6.206930035549120817e+00
2.642726777485576939e+00
-2.204431255713290128e+00
-2.585521075924295253e+00
-3.446214700911316431e+00
-4.643383121207017794e+00
-3.086427527706293361e+00
-6.362756328402331185e+00
-4.265670391908206405e+00
5.364538797337615073e+00
3.797644503264305804e-01
-5.448577127031327683e-01
-9.705301400974219561e+00
-1.408510246982019654e+00
7.432800610226373728e+00
-5.899348992294465077e+00
-5.578187095611774282e+00
3.195612637942724099e+00
-1.856670531760878706e+00
-3.507020069736573653e+00
-4.711641134697192257e+00
-1.080916664461987153e+01
-4.576156278926258203e+00
1.132929489690234881e+00
-3.040258990992213306e+00
-8.159724649000871244e-01
-1.094030846066457663e+01
-6.803192478377956043e+00
-2.593160992740596971e+00
-1.027333973997567895e+01
-3.638593192709487667e+00
5.215489727908235729e+00
-1.408814116563746222e+00
2.311844731326376801e-01
1.573716123658408517e-01
3.040240303325864701e+00
-7.272126805572619368e+00
-1.731694090909444927e+00
3.531975603684550880e+00
6.832378025922206888e+00
2.875777123776257937e+00
-7.294808128231708544e+00
-1.040919760199669319e+01
-1.514572488306394682e+00
2.773386149079027252e+00
-2.966775571214882667e+00
3.145746029074114603e+00
-5.917391238658181507e+00
3.782148824279346844e+00
-4.772995591114506553e+00
-1.122194998178974856e+01
2.932934928558429633e+00
3.313211149979004233e+00
4.225053746719660275e+00
9.554126281265427068e+00
-1.482058260688276263e+01
-1.833850609301464152e+00
9.529530713374338546e+00
-1.127043300811296156e+01
-5.838493857412674348e-01
1.548751939160923019e+00
-4.398362806930474989e+00
-1.562334463780762484e+01
1.155764840804510207e+01
-3.331811843307082466e+00
4.667741904603319725e+00
1.211972387863905531e+01
1.116653042567107335e+01
-2.904098322655342734e+00
-3.615381108460120618e+00
5.576908548146071176e-01
-1.307726690994659791e+01
-9.253364692664234781e+00
1.525366549831740315e+01
4.894054281005565166e+00
3.231734387062558778e+00
1.436337430981080576e+00
2.880738586097970177e+00
3.122186329348324296e+00
-3.043708207236311303e+00
-5.038519278014200964e+00
-1.116143865578878902e+01
-6.873932868987313149e+00
8.223198477359168201e-01
-6.262648642846808944e-02
1.100263925722702218e+01
-7.982613935644752523e+00
-7.676381849487058373e-01
9.357568698500049464e+00
1.232062904149819182e+01
9.160110689387076732e+00
-2.502512247144003332e+00
1.504559883557340250e+01
1.314796193772787447e+00
3.763050618559808935e+00
-9.723069672176404055e+00
2.317448598764123346e+00
9.196965655083188196e+00
-1.067861099181785400e+00
-6.193120636251513211e+00
1.379586951164314401e+00
1.044990884985341317e+01
-4.531663979981790824e+00
-2.808112874359608657e+00
-3.870255383549320971e+00
-7.481947818773563519e+00
5.757188908567030694e+00
5.257947340641136336e+00
-7.455868797450551533e+00
-1.005197990502349370e+01
7.239400207982018109e+00
5.929281164260909343e+00
-5.997201476386160302e+00
2.108597319514545543e+00
-7.904087440135192821e+00
-1.359807741707659190e+01
7.002012339648368666e+00
1.605189686117835279e+01
-1.193323599040911454e+00
-6.392334822751025492e+00
3.919912170892420611e-01
-8.698205742280656239e+00
5.791740386690313880e-01
6.765346511912238014e+00
